Initial AEP:  72097318027.32959
before optimization x [   0.  100.   50. 1000. 1100. 1050.]
before optimization y [   0.    0. 1000.    0.    0. 1000.]
... calcuating improvement in AEP
base_aep 72097.31802732959
=====================================================
Optimizing turbine layout...
Number of parameters to optimize =  12
=====================================================
locs:  [[   0.    0.]
 [ 100.    0.]
 [  50. 1000.]
 [1000.    0.]
 [1100.    0.]
 [1050. 1000.]]
distances:  [[   0.          100.         1001.24921973 1000.         1100.
  1450.        ]
 [ 100.            0.         1001.24921973  900.         1000.
  1379.31142241]
 [1001.24921973 1001.24921973    0.         1379.31142241 1450.
  1000.        ]
 [1000.          900.         1379.31142241    0.          100.
  1001.24921973]
 [1100.         1000.         1450.          100.            0.
  1001.24921973]
 [1450.         1379.31142241 1000.         1001.24921973 1001.24921973
     0.        ]]
  NIT    FC           OBJFUN            GNORM
locs:  [[   0.    0.]
 [ 100.    0.]
 [  50. 1000.]
 [1000.    0.]
 [1100.    0.]
 [1050. 1000.]]
distances:  [[   0.          100.         1001.24921973 1000.         1100.
  1450.        ]
 [ 100.            0.         1001.24921973  900.         1000.
  1379.31142241]
 [1001.24921973 1001.24921973    0.         1379.31142241 1450.
  1000.        ]
 [1000.          900.         1379.31142241    0.          100.
  1001.24921973]
 [1100.         1000.         1450.          100.            0.
  1001.24921973]
 [1450.         1379.31142241 1000.         1001.24921973 1001.24921973
     0.        ]]
locs:  [[   0.    0.]
 [ 100.    0.]
 [  50. 1000.]
 [1000.    0.]
 [1100.    0.]
 [1050. 1000.]]
distances:  [[   0.          100.         1001.24921973 1000.         1100.
  1450.        ]
 [ 100.            0.         1001.24921973  900.         1000.
  1379.31142241]
 [1001.24921973 1001.24921973    0.         1379.31142241 1450.
  1000.        ]
 [1000.          900.         1379.31142241    0.          100.
  1001.24921973]
 [1100.         1000.         1450.          100.            0.
  1001.24921973]
 [1450.         1379.31142241 1000.         1001.24921973 1001.24921973
     0.        ]]
locs:  [[  20.    0.]
 [ 100.    0.]
 [  50. 1000.]
 [1000.    0.]
 [1100.    0.]
 [1050. 1000.]]
distances:  [[   0.           80.         1000.4498988   980.         1080.
  1435.58350506]
 [  80.            0.         1001.24921973  900.         1000.
  1379.31142241]
 [1000.4498988  1001.24921973    0.         1379.31142241 1450.
  1000.        ]
 [ 980.          900.         1379.31142241    0.          100.
  1001.24921973]
 [1080.         1000.         1450.          100.            0.
  1001.24921973]
 [1435.58350506 1379.31142241 1000.         1001.24921973 1001.24921973
     0.        ]]
locs:  [[   0.    0.]
 [ 120.    0.]
 [  50. 1000.]
 [1000.    0.]
 [1100.    0.]
 [1050. 1000.]]
distances:  [[   0.          120.         1001.24921973 1000.         1100.
  1450.        ]
 [ 120.            0.         1002.44700608  880.          980.
  1365.61341528]
 [1001.24921973 1002.44700608    0.         1379.31142241 1450.
  1000.        ]
 [1000.          880.         1379.31142241    0.          100.
  1001.24921973]
 [1100.          980.         1450.          100.            0.
  1001.24921973]
 [1450.         1365.61341528 1000.         1001.24921973 1001.24921973
     0.        ]]
locs:  [[   0.    0.]
 [ 100.    0.]
 [  70. 1000.]
 [1000.    0.]
 [1100.    0.]
 [1050. 1000.]]
distances:  [[   0.          100.         1002.44700608 1000.         1100.
  1450.        ]
 [ 100.            0.         1000.4498988   900.         1000.
  1379.31142241]
 [1002.44700608 1000.4498988     0.         1365.61341528 1435.58350506
   980.        ]
 [1000.          900.         1365.61341528    0.          100.
  1001.24921973]
 [1100.         1000.         1435.58350506  100.            0.
  1001.24921973]
 [1450.         1379.31142241  980.         1001.24921973 1001.24921973
     0.        ]]
locs:  [[   0.    0.]
 [ 100.    0.]
 [  50. 1000.]
 [1020.    0.]
 [1100.    0.]
 [1050. 1000.]]
distances:  [[   0.          100.         1001.24921973 1020.         1100.
  1450.        ]
 [ 100.            0.         1001.24921973  920.         1000.
  1379.31142241]
 [1001.24921973 1001.24921973    0.         1393.16187143 1450.
  1000.        ]
 [1020.          920.         1393.16187143    0.           80.
  1000.4498988 ]
 [1100.         1000.         1450.           80.            0.
  1001.24921973]
 [1450.         1379.31142241 1000.         1000.4498988  1001.24921973
     0.        ]]
locs:  [[   0.    0.]
 [ 100.    0.]
 [  50. 1000.]
 [1000.    0.]
 [1120.    0.]
 [1050. 1000.]]
distances:  [[   0.          100.         1001.24921973 1000.         1120.
  1450.        ]
 [ 100.            0.         1001.24921973  900.         1020.
  1379.31142241]
 [1001.24921973 1001.24921973    0.         1379.31142241 1464.54771175
  1000.        ]
 [1000.          900.         1379.31142241    0.          120.
  1001.24921973]
 [1120.         1020.         1464.54771175  120.            0.
  1002.44700608]
 [1450.         1379.31142241 1000.         1001.24921973 1002.44700608
     0.        ]]
locs:  [[   0.    0.]
 [ 100.    0.]
 [  50. 1000.]
 [1000.    0.]
 [1100.    0.]
 [1070. 1000.]]
distances:  [[   0.          100.         1001.24921973 1000.         1100.
  1464.54771175]
 [ 100.            0.         1001.24921973  900.         1000.
  1393.16187143]
 [1001.24921973 1001.24921973    0.         1379.31142241 1450.
  1020.        ]
 [1000.          900.         1379.31142241    0.          100.
  1002.44700608]
 [1100.         1000.         1450.          100.            0.
  1000.4498988 ]
 [1464.54771175 1393.16187143 1020.         1002.44700608 1000.4498988
     0.        ]]
locs:  [[   0.   10.]
 [ 100.    0.]
 [  50. 1000.]
 [1000.    0.]
 [1100.    0.]
 [1050. 1000.]]
distances:  [[   0.          100.49875621  991.26182212 1000.04999875 1100.04545361
  1443.1216165 ]
 [ 100.49875621    0.         1001.24921973  900.         1000.
  1379.31142241]
 [ 991.26182212 1001.24921973    0.         1379.31142241 1450.
  1000.        ]
 [1000.04999875  900.         1379.31142241    0.          100.
  1001.24921973]
 [1100.04545361 1000.         1450.          100.            0.
  1001.24921973]
 [1443.1216165  1379.31142241 1000.         1001.24921973 1001.24921973
     0.        ]]
locs:  [[   0.    0.]
 [ 100.   10.]
 [  50. 1000.]
 [1000.    0.]
 [1100.    0.]
 [1050. 1000.]]
distances:  [[   0.          100.49875621 1001.24921973 1000.         1100.
  1450.        ]
 [ 100.49875621    0.          991.26182212  900.05555384 1000.04999875
  1372.07871494]
 [1001.24921973  991.26182212    0.         1379.31142241 1450.
  1000.        ]
 [1000.          900.05555384 1379.31142241    0.          100.
  1001.24921973]
 [1100.         1000.04999875 1450.          100.            0.
  1001.24921973]
 [1450.         1372.07871494 1000.         1001.24921973 1001.24921973
     0.        ]]
locs:  [[   0.    0.]
 [ 100.    0.]
 [  50.  990.]
 [1000.    0.]
 [1100.    0.]
 [1050. 1000.]]
distances:  [[   0.          100.          991.26182212 1000.         1100.
  1450.        ]
 [ 100.            0.          991.26182212  900.         1000.
  1379.31142241]
 [ 991.26182212  991.26182212    0.         1372.07871494 1443.1216165
  1000.04999875]
 [1000.          900.         1372.07871494    0.          100.
  1001.24921973]
 [1100.         1000.         1443.1216165   100.            0.
  1001.24921973]
 [1450.         1379.31142241 1000.04999875 1001.24921973 1001.24921973
     0.        ]]
locs:  [[   0.    0.]
 [ 100.    0.]
 [  50. 1000.]
 [1000.   10.]
 [1100.    0.]
 [1050. 1000.]]
distances:  [[   0.          100.         1001.24921973 1000.04999875 1100.
  1450.        ]
 [ 100.            0.         1001.24921973  900.05555384 1000.
  1379.31142241]
 [1001.24921973 1001.24921973    0.         1372.07871494 1450.
  1000.        ]
 [1000.04999875  900.05555384 1372.07871494    0.          100.49875621
   991.26182212]
 [1100.         1000.         1450.          100.49875621    0.
  1001.24921973]
 [1450.         1379.31142241 1000.          991.26182212 1001.24921973
     0.        ]]
locs:  [[   0.    0.]
 [ 100.    0.]
 [  50. 1000.]
 [1000.    0.]
 [1100.   10.]
 [1050. 1000.]]
distances:  [[   0.          100.         1001.24921973 1000.         1100.04545361
  1450.        ]
 [ 100.            0.         1001.24921973  900.         1000.04999875
  1379.31142241]
 [1001.24921973 1001.24921973    0.         1379.31142241 1443.1216165
  1000.        ]
 [1000.          900.         1379.31142241    0.          100.49875621
  1001.24921973]
 [1100.04545361 1000.04999875 1443.1216165   100.49875621    0.
   991.26182212]
 [1450.         1379.31142241 1000.         1001.24921973  991.26182212
     0.        ]]
locs:  [[   0.    0.]
 [ 100.    0.]
 [  50. 1000.]
 [1000.    0.]
 [1100.    0.]
 [1050.  990.]]
distances:  [[   0.          100.         1001.24921973 1000.         1100.
  1443.1216165 ]
 [ 100.            0.         1001.24921973  900.         1000.
  1372.07871494]
 [1001.24921973 1001.24921973    0.         1379.31142241 1450.
  1000.04999875]
 [1000.          900.         1379.31142241    0.          100.
   991.26182212]
 [1100.         1000.         1450.          100.            0.
   991.26182212]
 [1443.1216165  1372.07871494 1000.04999875  991.26182212  991.26182212
     0.        ]]
locs:  [[  87.82368965  999.99999999]
 [1000.          999.99999999]
 [ 133.43250523 1000.        ]
 [1000.          999.99999999]
 [2000.          999.99999999]
 [1096.89421344 1000.        ]]
distances:  [[0.00000000e+00 9.12176310e+02 4.56088156e+01 9.12176310e+02
  1.91217631e+03 1.00907052e+03]
 [9.12176310e+02 0.00000000e+00 8.66567495e+02 6.10498319e-11
  1.00000000e+03 9.68942134e+01]
 [4.56088156e+01 8.66567495e+02 0.00000000e+00 8.66567495e+02
  1.86656749e+03 9.63461708e+02]
 [9.12176310e+02 6.10498319e-11 8.66567495e+02 0.00000000e+00
  1.00000000e+03 9.68942134e+01]
 [1.91217631e+03 1.00000000e+03 1.86656749e+03 1.00000000e+03
  0.00000000e+00 9.03105787e+02]
 [1.00907052e+03 9.68942134e+01 9.63461708e+02 9.68942134e+01
  9.03105787e+02 0.00000000e+00]]
    1    14    -8.969731E-01     4.078156E+00
locs:  [[  38.61827889  439.72507925]
 [ 495.75257133  439.72507925]
 [  86.68736497 1000.        ]
 [1000.          439.72507925]
 [1495.75257133  439.72507925]
 [1070.62056172 1000.        ]]
distances:  [[   0.          457.13429243  562.33319648  961.38172111 1457.13429243
  1174.2813541 ]
 [ 457.13429243    0.          693.71631801  504.24742867 1000.
   802.73357548]
 [ 562.33319648  693.71631801    0.         1071.46999777 1516.36827406
   983.93319675]
 [ 961.38172111  504.24742867 1071.46999777    0.          495.75257133
   564.70811094]
 [1457.13429243 1000.         1516.36827406  495.75257133    0.
   703.31018222]
 [1174.2813541   802.73357548  983.93319675  564.70811094  703.31018222
     0.        ]]
locs:  [[  38.61827889  439.72507925]
 [ 495.75257133  439.72507925]
 [  86.68736497 1000.        ]
 [1000.          439.72507925]
 [1495.75257133  439.72507925]
 [1070.62056172 1000.        ]]
distances:  [[   0.          457.13429243  562.33319648  961.38172111 1457.13429243
  1174.2813541 ]
 [ 457.13429243    0.          693.71631801  504.24742867 1000.
   802.73357548]
 [ 562.33319648  693.71631801    0.         1071.46999777 1516.36827406
   983.93319675]
 [ 961.38172111  504.24742867 1071.46999777    0.          495.75257133
   564.70811094]
 [1457.13429243 1000.         1516.36827406  495.75257133    0.
   703.31018222]
 [1174.2813541   802.73357548  983.93319675  564.70811094  703.31018222
     0.        ]]
locs:  [[  58.61827889  439.72507925]
 [ 495.75257133  439.72507925]
 [  86.68736497 1000.        ]
 [1000.          439.72507925]
 [1495.75257133  439.72507925]
 [1070.62056172 1000.        ]]
distances:  [[   0.          437.13429243  560.97759351  941.38172111 1437.13429243
  1156.7439679 ]
 [ 437.13429243    0.          693.71631801  504.24742867 1000.
   802.73357548]
 [ 560.97759351  693.71631801    0.         1071.46999777 1516.36827406
   983.93319675]
 [ 941.38172111  504.24742867 1071.46999777    0.          495.75257133
   564.70811094]
 [1437.13429243 1000.         1516.36827406  495.75257133    0.
   703.31018222]
 [1156.7439679   802.73357548  983.93319675  564.70811094  703.31018222
     0.        ]]
locs:  [[  38.61827889  439.72507925]
 [ 515.75257133  439.72507925]
 [  86.68736497 1000.        ]
 [1000.          439.72507925]
 [1495.75257133  439.72507925]
 [1070.62056172 1000.        ]]
distances:  [[   0.          477.13429243  562.33319648  961.38172111 1457.13429243
  1174.2813541 ]
 [ 477.13429243    0.          705.69464935  484.24742867  980.
   788.53438326]
 [ 562.33319648  705.69464935    0.         1071.46999777 1516.36827406
   983.93319675]
 [ 961.38172111  484.24742867 1071.46999777    0.          495.75257133
   564.70811094]
 [1457.13429243  980.         1516.36827406  495.75257133    0.
   703.31018222]
 [1174.2813541   788.53438326  983.93319675  564.70811094  703.31018222
     0.        ]]
locs:  [[  38.61827889  439.72507925]
 [ 495.75257133  439.72507925]
 [ 106.68736497 1000.        ]
 [1000.          439.72507925]
 [1495.75257133  439.72507925]
 [1070.62056172 1000.        ]]
distances:  [[   0.          457.13429243  564.39470879  961.38172111 1457.13429243
  1174.2813541 ]
 [ 457.13429243    0.          682.11415585  504.24742867 1000.
   802.73357548]
 [ 564.39470879  682.11415585    0.         1054.47401614 1497.80176736
   963.93319675]
 [ 961.38172111  504.24742867 1054.47401614    0.          495.75257133
   564.70811094]
 [1457.13429243 1000.         1497.80176736  495.75257133    0.
   703.31018222]
 [1174.2813541   802.73357548  963.93319675  564.70811094  703.31018222
     0.        ]]
locs:  [[  38.61827889  439.72507925]
 [ 495.75257133  439.72507925]
 [  86.68736497 1000.        ]
 [1020.          439.72507925]
 [1495.75257133  439.72507925]
 [1070.62056172 1000.        ]]
distances:  [[   0.          457.13429243  562.33319648  981.38172111 1457.13429243
  1174.2813541 ]
 [ 457.13429243    0.          693.71631801  524.24742867 1000.
   802.73357548]
 [ 562.33319648  693.71631801    0.         1088.5680785  1516.36827406
   983.93319675]
 [ 981.38172111  524.24742867 1088.5680785     0.          475.75257133
   562.5570443 ]
 [1457.13429243 1000.         1516.36827406  475.75257133    0.
   703.31018222]
 [1174.2813541   802.73357548  983.93319675  562.5570443   703.31018222
     0.        ]]
locs:  [[  38.61827889  439.72507925]
 [ 495.75257133  439.72507925]
 [  86.68736497 1000.        ]
 [1000.          439.72507925]
 [1515.75257133  439.72507925]
 [1070.62056172 1000.        ]]
distances:  [[   0.          457.13429243  562.33319648  961.38172111 1477.13429243
  1174.2813541 ]
 [ 457.13429243    0.          693.71631801  504.24742867 1020.
   802.73357548]
 [ 562.33319648  693.71631801    0.         1071.46999777 1534.97079804
   983.93319675]
 [ 961.38172111  504.24742867 1071.46999777    0.          515.75257133
   564.70811094]
 [1477.13429243 1020.         1534.97079804  515.75257133    0.
   715.57703485]
 [1174.2813541   802.73357548  983.93319675  564.70811094  715.57703485
     0.        ]]
locs:  [[  38.61827889  439.72507925]
 [ 495.75257133  439.72507925]
 [  86.68736497 1000.        ]
 [1000.          439.72507925]
 [1495.75257133  439.72507925]
 [1090.62056172 1000.        ]]
distances:  [[   0.          457.13429243  562.33319648  961.38172111 1457.13429243
  1191.89629998]
 [ 457.13429243    0.          693.71631801  504.24742867 1000.
   817.17557038]
 [ 562.33319648  693.71631801    0.         1071.46999777 1516.36827406
  1003.93319675]
 [ 961.38172111  504.24742867 1071.46999777    0.          495.75257133
   567.55622896]
 [1457.13429243 1000.         1516.36827406  495.75257133    0.
   691.40431878]
 [1191.89629998  817.17557038 1003.93319675  567.55622896  691.40431878
     0.        ]]
locs:  [[  38.61827889  449.72507925]
 [ 495.75257133  439.72507925]
 [  86.68736497 1000.        ]
 [1000.          439.72507925]
 [1495.75257133  439.72507925]
 [1070.62056172 1000.        ]]
distances:  [[   0.          457.2436564   552.37046033  961.43372818 1457.16860596
  1169.54315875]
 [ 457.2436564     0.          693.71631801  504.24742867 1000.
   802.73357548]
 [ 552.37046033  693.71631801    0.         1071.46999777 1516.36827406
   983.93319675]
 [ 961.43372818  504.24742867 1071.46999777    0.          495.75257133
   564.70811094]
 [1457.16860596 1000.         1516.36827406  495.75257133    0.
   703.31018222]
 [1169.54315875  802.73357548  983.93319675  564.70811094  703.31018222
     0.        ]]
locs:  [[  38.61827889  439.72507925]
 [ 495.75257133  449.72507925]
 [  86.68736497 1000.        ]
 [1000.          439.72507925]
 [1495.75257133  439.72507925]
 [1070.62056172 1000.        ]]
distances:  [[   0.          457.2436564   562.33319648  961.38172111 1457.13429243
  1174.2813541 ]
 [ 457.2436564     0.          685.66524737  504.3465766  1000.04999875
   795.78621174]
 [ 562.33319648  685.66524737    0.         1071.46999777 1516.36827406
   983.93319675]
 [ 961.38172111  504.3465766  1071.46999777    0.          495.75257133
   564.70811094]
 [1457.13429243 1000.04999875 1516.36827406  495.75257133    0.
   703.31018222]
 [1174.2813541   795.78621174  983.93319675  564.70811094  703.31018222
     0.        ]]
locs:  [[  38.61827889  439.72507925]
 [ 495.75257133  439.72507925]
 [  86.68736497  990.        ]
 [1000.          439.72507925]
 [1495.75257133  439.72507925]
 [1070.62056172 1000.        ]]
distances:  [[   0.          457.13429243  552.37046033  961.38172111 1457.13429243
  1174.2813541 ]
 [ 457.13429243    0.          685.66524737  504.24742867 1000.
   802.73357548]
 [ 552.37046033  685.66524737    0.         1066.27503849 1512.70196805
   983.98401189]
 [ 961.38172111  504.24742867 1066.27503849    0.          495.75257133
   564.70811094]
 [1457.13429243 1000.         1512.70196805  495.75257133    0.
   703.31018222]
 [1174.2813541   802.73357548  983.98401189  564.70811094  703.31018222
     0.        ]]
locs:  [[  38.61827889  439.72507925]
 [ 495.75257133  439.72507925]
 [  86.68736497 1000.        ]
 [1000.          449.72507925]
 [1495.75257133  439.72507925]
 [1070.62056172 1000.        ]]
distances:  [[   0.          457.13429243  562.33319648  961.43372818 1457.13429243
  1174.2813541 ]
 [ 457.13429243    0.          693.71631801  504.3465766  1000.
   802.73357548]
 [ 562.33319648  693.71631801    0.         1066.27503849 1516.36827406
   983.93319675]
 [ 961.43372818  504.3465766  1066.27503849    0.          495.85341783
   554.78802452]
 [1457.13429243 1000.         1516.36827406  495.85341783    0.
   703.31018222]
 [1174.2813541   802.73357548  983.93319675  554.78802452  703.31018222
     0.        ]]
locs:  [[  38.61827889  439.72507925]
 [ 495.75257133  439.72507925]
 [  86.68736497 1000.        ]
 [1000.          439.72507925]
 [1495.75257133  449.72507925]
 [1070.62056172 1000.        ]]
distances:  [[   0.          457.13429243  562.33319648  961.38172111 1457.16860596
  1174.2813541 ]
 [ 457.13429243    0.          693.71631801  504.24742867 1000.04999875
   802.73357548]
 [ 562.33319648  693.71631801    0.         1071.46999777 1512.70196805
   983.93319675]
 [ 961.38172111  504.24742867 1071.46999777    0.          495.85341783
   564.70811094]
 [1457.16860596 1000.04999875 1512.70196805  495.85341783    0.
   695.37019925]
 [1174.2813541   802.73357548  983.93319675  564.70811094  695.37019925
     0.        ]]
locs:  [[  38.61827889  439.72507925]
 [ 495.75257133  439.72507925]
 [  86.68736497 1000.        ]
 [1000.          439.72507925]
 [1495.75257133  439.72507925]
 [1070.62056172  990.        ]]
distances:  [[   0.          457.13429243  562.33319648  961.38172111 1457.13429243
  1169.54315875]
 [ 457.13429243    0.          693.71631801  504.24742867 1000.
   795.78621174]
 [ 562.33319648  693.71631801    0.         1071.46999777 1516.36827406
   983.98401189]
 [ 961.38172111  504.24742867 1071.46999777    0.          495.75257133
   554.78802452]
 [1457.13429243 1000.         1516.36827406  495.75257133    0.
   695.37019925]
 [1169.54315875  795.78621174  983.98401189  554.78802452  695.37019925
     0.        ]]
locs:  [[ 811.97751864  999.99999991]
 [ 999.99999991  999.99999991]
 [ 821.3786427  1000.        ]
 [1110.11106678  947.90733813]
 [1999.99999992  960.7275049 ]
 [1154.84967103 1000.        ]]
distances:  [[   0.          188.02248127    9.40112407  302.65038897 1188.67142007
   342.87215239]
 [ 188.02248127    0.          178.6213572   121.81170904 1000.77086732
   154.84967112]
 [   9.40112407  178.6213572     0.          293.39403221 1179.27546933
   333.47102833]
 [ 302.65038897  121.81170904  293.39403221    0.          889.98127508
    68.66722749]
 [1188.67142007 1000.77086732 1179.27546933  889.98127508    0.
   846.06229516]
 [ 342.87215239  154.84967112  333.47102833   68.66722749  846.06229516
     0.        ]]
    2    28    -7.504337E-01     1.736401E-01
locs:  [[ 811.97751864  999.99999991]
 [ 999.99999991  999.99999991]
 [ 821.3786427  1000.        ]
 [1110.11106678  947.90733813]
 [1999.99999992  960.7275049 ]
 [1154.84967103 1000.        ]]
distances:  [[   0.          188.02248127    9.40112407  302.65038897 1188.67142007
   342.87215239]
 [ 188.02248127    0.          178.6213572   121.81170904 1000.77086732
   154.84967112]
 [   9.40112407  178.6213572     0.          293.39403221 1179.27546933
   333.47102833]
 [ 302.65038897  121.81170904  293.39403221    0.          889.98127508
    68.66722749]
 [1188.67142007 1000.77086732 1179.27546933  889.98127508    0.
   846.06229516]
 [ 342.87215239  154.84967112  333.47102833   68.66722749  846.06229516
     0.        ]]
locs:  [[ 831.97751864  999.99999991]
 [ 999.99999991  999.99999991]
 [ 821.3786427  1000.        ]
 [1110.11106678  947.90733813]
 [1999.99999992  960.7275049 ]
 [1154.84967103 1000.        ]]
distances:  [[   0.          168.02248127   10.59887593  282.96981467 1168.6825256
   322.87215239]
 [ 168.02248127    0.          178.6213572   121.81170904 1000.77086732
   154.84967112]
 [  10.59887593  178.6213572     0.          293.39403221 1179.27546933
   333.47102833]
 [ 282.96981467  121.81170904  293.39403221    0.          889.98127508
    68.66722749]
 [1168.6825256  1000.77086732 1179.27546933  889.98127508    0.
   846.06229516]
 [ 322.87215239  154.84967112  333.47102833   68.66722749  846.06229516
     0.        ]]
locs:  [[ 811.97751864  999.99999991]
 [ 979.99999991  999.99999991]
 [ 821.3786427  1000.        ]
 [1110.11106678  947.90733813]
 [1999.99999992  960.7275049 ]
 [1154.84967103 1000.        ]]
distances:  [[   0.          168.02248127    9.40112407  302.65038897 1188.67142007
   342.87215239]
 [ 168.02248127    0.          158.6213572   140.15182887 1020.75576358
   174.84967112]
 [   9.40112407  158.6213572     0.          293.39403221 1179.27546933
   333.47102833]
 [ 302.65038897  140.15182887  293.39403221    0.          889.98127508
    68.66722749]
 [1188.67142007 1020.75576358 1179.27546933  889.98127508    0.
   846.06229516]
 [ 342.87215239  174.84967112  333.47102833   68.66722749  846.06229516
     0.        ]]
locs:  [[ 811.97751864  999.99999991]
 [ 999.99999991  999.99999991]
 [ 841.3786427  1000.        ]
 [1110.11106678  947.90733813]
 [1999.99999992  960.7275049 ]
 [1154.84967103 1000.        ]]
distances:  [[   0.          188.02248127   29.40112407  302.65038897 1188.67142007
   342.87215239]
 [ 188.02248127    0.          158.6213572   121.81170904 1000.77086732
   154.84967112]
 [  29.40112407  158.6213572     0.          273.73483734 1159.28675411
   313.47102833]
 [ 302.65038897  121.81170904  273.73483734    0.          889.98127508
    68.66722749]
 [1188.67142007 1000.77086732 1159.28675411  889.98127508    0.
   846.06229516]
 [ 342.87215239  154.84967112  313.47102833   68.66722749  846.06229516
     0.        ]]
locs:  [[ 811.97751864  999.99999991]
 [ 999.99999991  999.99999991]
 [ 821.3786427  1000.        ]
 [1130.11106678  947.90733813]
 [1999.99999992  960.7275049 ]
 [1154.84967103 1000.        ]]
distances:  [[   0.          188.02248127    9.40112407  322.37028378 1188.67142007
   342.87215239]
 [ 188.02248127    0.          178.6213572   140.15182887 1000.77086732
   154.84967112]
 [   9.40112407  178.6213572     0.          313.09639905 1179.27546933
   333.47102833]
 [ 322.37028378  140.15182887  313.09639905    0.          869.98339793
    57.66839655]
 [1188.67142007 1000.77086732 1179.27546933  869.98339793    0.
   846.06229516]
 [ 342.87215239  154.84967112  333.47102833   57.66839655  846.06229516
     0.        ]]
locs:  [[ 811.97751864  999.99999991]
 [ 999.99999991  999.99999991]
 [ 821.3786427  1000.        ]
 [1110.11106678  947.90733813]
 [1979.99999992  960.7275049 ]
 [1154.84967103 1000.        ]]
distances:  [[   0.          188.02248127    9.40112407  302.65038897 1168.6825256
   342.87215239]
 [ 188.02248127    0.          178.6213572   121.81170904  980.78658682
   154.84967112]
 [   9.40112407  178.6213572     0.          293.39403221 1159.28675411
   333.47102833]
 [ 302.65038897  121.81170904  293.39403221    0.          869.98339793
    68.66722749]
 [1168.6825256   980.78658682 1159.28675411  869.98339793    0.
   826.08437471]
 [ 342.87215239  154.84967112  333.47102833   68.66722749  826.08437471
     0.        ]]
locs:  [[ 811.97751864  999.99999991]
 [ 999.99999991  999.99999991]
 [ 821.3786427  1000.        ]
 [1110.11106678  947.90733813]
 [1999.99999992  960.7275049 ]
 [1174.84967103 1000.        ]]
distances:  [[   0.          188.02248127    9.40112407  302.65038897 1188.67142007
   362.87215239]
 [ 188.02248127    0.          178.6213572   121.81170904 1000.77086732
   174.84967112]
 [   9.40112407  178.6213572     0.          293.39403221 1179.27546933
   353.47102833]
 [ 302.65038897  121.81170904  293.39403221    0.          889.98127508
    83.09471885]
 [1188.67142007 1000.77086732 1179.27546933  889.98127508    0.
   826.08437471]
 [ 362.87215239  174.84967112  353.47102833   83.09471885  826.08437471
     0.        ]]
locs:  [[ 811.97751864  989.99999991]
 [ 999.99999991  999.99999991]
 [ 821.3786427  1000.        ]
 [1110.11106678  947.90733813]
 [1999.99999992  960.7275049 ]
 [1154.84967103 1000.        ]]
distances:  [[   0.          188.28821913   13.72520075  301.0903597  1188.38305903
   343.01794835]
 [ 188.28821913    0.          178.6213572   121.81170904 1000.77086732
   154.84967112]
 [  13.72520075  178.6213572     0.          293.39403221 1179.27546933
   333.47102833]
 [ 301.0903597   121.81170904  293.39403221    0.          889.98127508
    68.66722749]
 [1188.38305903 1000.77086732 1179.27546933  889.98127508    0.
   846.06229516]
 [ 343.01794835  154.84967112  333.47102833   68.66722749  846.06229516
     0.        ]]
locs:  [[ 811.97751864  999.99999991]
 [ 999.99999991  989.99999991]
 [ 821.3786427  1000.        ]
 [1110.11106678  947.90733813]
 [1999.99999992  960.7275049 ]
 [1154.84967103 1000.        ]]
distances:  [[   0.          188.28821913    9.40112407  302.65038897 1188.67142007
   342.87215239]
 [ 188.28821913    0.          178.90105995  117.8823109  1000.42834775
   155.17222899]
 [   9.40112407  178.90105995    0.          293.39403221 1179.27546933
   333.47102833]
 [ 302.65038897  117.8823109   293.39403221    0.          889.98127508
    68.66722749]
 [1188.67142007 1000.42834775 1179.27546933  889.98127508    0.
   846.06229516]
 [ 342.87215239  155.17222899  333.47102833   68.66722749  846.06229516
     0.        ]]
locs:  [[ 811.97751864  999.99999991]
 [ 999.99999991  999.99999991]
 [ 821.3786427   990.        ]
 [1110.11106678  947.90733813]
 [1999.99999992  960.7275049 ]
 [1154.84967103 1000.        ]]
distances:  [[   0.          188.02248127   13.72520061  302.65038897 1188.67142007
   342.87215239]
 [ 188.02248127    0.          178.90105994  121.81170904 1000.77086732
   154.84967112]
 [  13.72520061  178.90105994    0.          291.78451792 1178.98481019
   333.6209327 ]
 [ 302.65038897  121.81170904  291.78451792    0.          889.98127508
    68.66722749]
 [1188.67142007 1000.77086732 1178.98481019  889.98127508    0.
   846.06229516]
 [ 342.87215239  154.84967112  333.6209327    68.66722749  846.06229516
     0.        ]]
locs:  [[ 811.97751864  999.99999991]
 [ 999.99999991  999.99999991]
 [ 821.3786427  1000.        ]
 [1110.11106678  957.90733813]
 [1999.99999992  960.7275049 ]
 [1154.84967103 1000.        ]]
distances:  [[   0.          188.02248127    9.40112407  301.0903597  1188.67142007
   342.87215239]
 [ 188.02248127    0.          178.6213572   117.8823109  1000.77086732
   154.84967112]
 [   9.40112407  178.6213572     0.          291.78451792 1179.27546933
   333.47102833]
 [ 301.0903597   117.8823109   291.78451792    0.          889.89340185
    61.4274767 ]
 [1188.67142007 1000.77086732 1179.27546933  889.89340185    0.
   846.06229516]
 [ 342.87215239  154.84967112  333.47102833   61.4274767   846.06229516
     0.        ]]
locs:  [[ 811.97751864  999.99999991]
 [ 999.99999991  999.99999991]
 [ 821.3786427  1000.        ]
 [1110.11106678  947.90733813]
 [1999.99999992  970.7275049 ]
 [1154.84967103 1000.        ]]
distances:  [[   0.          188.02248127    9.40112407  302.65038897 1188.38305903
   342.87215239]
 [ 188.02248127    0.          178.6213572   121.81170904 1000.42834775
   154.84967112]
 [   9.40112407  178.6213572     0.          293.39403221 1178.98481019
   333.47102833]
 [ 302.65038897  121.81170904  293.39403221    0.          890.18148337
    68.66722749]
 [1188.38305903 1000.42834775 1178.98481019  890.18148337    0.
   845.65711573]
 [ 342.87215239  154.84967112  333.47102833   68.66722749  845.65711573
     0.        ]]
locs:  [[ 811.97751864  999.99999991]
 [ 999.99999991  999.99999991]
 [ 821.3786427  1000.        ]
 [1110.11106678  947.90733813]
 [1999.99999992  960.7275049 ]
 [1154.84967103  990.        ]]
distances:  [[   0.          188.02248127    9.40112407  302.65038897 1188.67142007
   343.01794834]
 [ 188.02248127    0.          178.6213572   121.81170904 1000.77086732
   155.17222898]
 [   9.40112407  178.6213572     0.          293.39403221 1179.27546933
   333.6209327 ]
 [ 302.65038897  121.81170904  293.39403221    0.          889.98127508
    61.4274767 ]
 [1188.67142007 1000.77086732 1179.27546933  889.98127508    0.
   845.65711573]
 [ 343.01794834  155.17222898  333.6209327    61.4274767   845.65711573
     0.        ]]
locs:  [[ 999.99999999 1000.        ]
 [1000.         1000.        ]
 [ 999.99999999  997.69993976]
 [1000.          250.99621368]
 [2000.         1000.        ]
 [2000.         1000.        ]]
distances:  [[0.00000000e+00 4.72086220e-09 2.30006023e+00 7.49003786e+02
  1.00000000e+03 1.00000000e+03]
 [4.72086220e-09 0.00000000e+00 2.30006023e+00 7.49003786e+02
  1.00000000e+03 1.00000000e+03]
 [2.30006023e+00 2.30006023e+00 0.00000000e+00 7.46703726e+02
  1.00000265e+03 1.00000265e+03]
 [7.49003786e+02 7.49003786e+02 7.46703726e+02 0.00000000e+00
  1.24940253e+03 1.24940253e+03]
 [1.00000000e+03 1.00000000e+03 1.00000265e+03 1.24940253e+03
  0.00000000e+00 5.50533364e-09]
 [1.00000000e+03 1.00000000e+03 1.00000265e+03 1.24940253e+03
  5.50533364e-09 0.00000000e+00]]
    3    41    -9.080140E-01     2.316658E+00
locs:  [[ 999.99999999 1000.        ]
 [1000.         1000.        ]
 [ 999.99999999  997.69993976]
 [1000.          250.99621368]
 [2000.         1000.        ]
 [2000.         1000.        ]]
distances:  [[0.00000000e+00 4.72086220e-09 2.30006023e+00 7.49003786e+02
  1.00000000e+03 1.00000000e+03]
 [4.72086220e-09 0.00000000e+00 2.30006023e+00 7.49003786e+02
  1.00000000e+03 1.00000000e+03]
 [2.30006023e+00 2.30006023e+00 0.00000000e+00 7.46703726e+02
  1.00000265e+03 1.00000265e+03]
 [7.49003786e+02 7.49003786e+02 7.46703726e+02 0.00000000e+00
  1.24940253e+03 1.24940253e+03]
 [1.00000000e+03 1.00000000e+03 1.00000265e+03 1.24940253e+03
  0.00000000e+00 5.50533364e-09]
 [1.00000000e+03 1.00000000e+03 1.00000265e+03 1.24940253e+03
  5.50533364e-09 0.00000000e+00]]
locs:  [[ 979.99999999 1000.        ]
 [1000.         1000.        ]
 [ 999.99999999  997.69993976]
 [1000.          250.99621368]
 [2000.         1000.        ]
 [2000.         1000.        ]]
distances:  [[0.00000000e+00 2.00000000e+01 2.01318225e+01 7.49270760e+02
  1.02000000e+03 1.02000000e+03]
 [2.00000000e+01 0.00000000e+00 2.30006023e+00 7.49003786e+02
  1.00000000e+03 1.00000000e+03]
 [2.01318225e+01 2.30006023e+00 0.00000000e+00 7.46703726e+02
  1.00000265e+03 1.00000265e+03]
 [7.49270760e+02 7.49003786e+02 7.46703726e+02 0.00000000e+00
  1.24940253e+03 1.24940253e+03]
 [1.02000000e+03 1.00000000e+03 1.00000265e+03 1.24940253e+03
  0.00000000e+00 5.50533364e-09]
 [1.02000000e+03 1.00000000e+03 1.00000265e+03 1.24940253e+03
  5.50533364e-09 0.00000000e+00]]
locs:  [[ 999.99999999 1000.        ]
 [ 980.         1000.        ]
 [ 999.99999999  997.69993976]
 [1000.          250.99621368]
 [2000.         1000.        ]
 [2000.         1000.        ]]
distances:  [[0.00000000e+00 2.00000000e+01 2.30006023e+00 7.49003786e+02
  1.00000000e+03 1.00000000e+03]
 [2.00000000e+01 0.00000000e+00 2.01318225e+01 7.49270760e+02
  1.02000000e+03 1.02000000e+03]
 [2.30006023e+00 2.01318225e+01 0.00000000e+00 7.46703726e+02
  1.00000265e+03 1.00000265e+03]
 [7.49003786e+02 7.49270760e+02 7.46703726e+02 0.00000000e+00
  1.24940253e+03 1.24940253e+03]
 [1.00000000e+03 1.02000000e+03 1.00000265e+03 1.24940253e+03
  0.00000000e+00 5.50533364e-09]
 [1.00000000e+03 1.02000000e+03 1.00000265e+03 1.24940253e+03
  5.50533364e-09 0.00000000e+00]]
locs:  [[ 999.99999999 1000.        ]
 [1000.         1000.        ]
 [ 979.99999999  997.69993976]
 [1000.          250.99621368]
 [2000.         1000.        ]
 [2000.         1000.        ]]
distances:  [[0.00000000e+00 4.72086220e-09 2.01318225e+01 7.49003786e+02
  1.00000000e+03 1.00000000e+03]
 [4.72086220e-09 0.00000000e+00 2.01318225e+01 7.49003786e+02
  1.00000000e+03 1.00000000e+03]
 [2.01318225e+01 2.01318225e+01 0.00000000e+00 7.46971522e+02
  1.02000259e+03 1.02000259e+03]
 [7.49003786e+02 7.49003786e+02 7.46971522e+02 0.00000000e+00
  1.24940253e+03 1.24940253e+03]
 [1.00000000e+03 1.00000000e+03 1.02000259e+03 1.24940253e+03
  0.00000000e+00 5.50533364e-09]
 [1.00000000e+03 1.00000000e+03 1.02000259e+03 1.24940253e+03
  5.50533364e-09 0.00000000e+00]]
locs:  [[ 999.99999999 1000.        ]
 [1000.         1000.        ]
 [ 999.99999999  997.69993976]
 [1020.          250.99621368]
 [2000.         1000.        ]
 [2000.         1000.        ]]
distances:  [[0.00000000e+00 4.72086220e-09 2.30006023e+00 7.49270760e+02
  1.00000000e+03 1.00000000e+03]
 [4.72086220e-09 0.00000000e+00 2.30006023e+00 7.49270760e+02
  1.00000000e+03 1.00000000e+03]
 [2.30006023e+00 2.30006023e+00 0.00000000e+00 7.46971522e+02
  1.00000265e+03 1.00000265e+03]
 [7.49270760e+02 7.49270760e+02 7.46971522e+02 0.00000000e+00
  1.23345315e+03 1.23345315e+03]
 [1.00000000e+03 1.00000000e+03 1.00000265e+03 1.23345315e+03
  0.00000000e+00 5.50533364e-09]
 [1.00000000e+03 1.00000000e+03 1.00000265e+03 1.23345315e+03
  5.50533364e-09 0.00000000e+00]]
locs:  [[ 999.99999999 1000.        ]
 [1000.         1000.        ]
 [ 999.99999999  997.69993976]
 [1000.          250.99621368]
 [1980.         1000.        ]
 [2000.         1000.        ]]
distances:  [[0.00000000e+00 4.72086220e-09 2.30006023e+00 7.49003786e+02
  9.80000000e+02 1.00000000e+03]
 [4.72086220e-09 0.00000000e+00 2.30006023e+00 7.49003786e+02
  9.80000000e+02 1.00000000e+03]
 [2.30006023e+00 2.30006023e+00 0.00000000e+00 7.46703726e+02
  9.80002699e+02 1.00000265e+03]
 [7.49003786e+02 7.49003786e+02 7.46703726e+02 0.00000000e+00
  1.23345315e+03 1.24940253e+03]
 [9.80000000e+02 9.80000000e+02 9.80002699e+02 1.23345315e+03
  0.00000000e+00 2.00000000e+01]
 [1.00000000e+03 1.00000000e+03 1.00000265e+03 1.24940253e+03
  2.00000000e+01 0.00000000e+00]]
locs:  [[ 999.99999999 1000.        ]
 [1000.         1000.        ]
 [ 999.99999999  997.69993976]
 [1000.          250.99621368]
 [2000.         1000.        ]
 [1980.         1000.        ]]
distances:  [[0.00000000e+00 4.72086220e-09 2.30006023e+00 7.49003786e+02
  1.00000000e+03 9.80000000e+02]
 [4.72086220e-09 0.00000000e+00 2.30006023e+00 7.49003786e+02
  1.00000000e+03 9.80000000e+02]
 [2.30006023e+00 2.30006023e+00 0.00000000e+00 7.46703726e+02
  1.00000265e+03 9.80002699e+02]
 [7.49003786e+02 7.49003786e+02 7.46703726e+02 0.00000000e+00
  1.24940253e+03 1.23345315e+03]
 [1.00000000e+03 1.00000000e+03 1.00000265e+03 1.24940253e+03
  0.00000000e+00 2.00000000e+01]
 [9.80000000e+02 9.80000000e+02 9.80002699e+02 1.23345315e+03
  2.00000000e+01 0.00000000e+00]]
locs:  [[ 999.99999999  990.        ]
 [1000.         1000.        ]
 [ 999.99999999  997.69993976]
 [1000.          250.99621368]
 [2000.         1000.        ]
 [2000.         1000.        ]]
distances:  [[0.00000000e+00 1.00000000e+01 7.69993977e+00 7.39003786e+02
  1.00005000e+03 1.00005000e+03]
 [1.00000000e+01 0.00000000e+00 2.30006023e+00 7.49003786e+02
  1.00000000e+03 1.00000000e+03]
 [7.69993977e+00 2.30006023e+00 0.00000000e+00 7.46703726e+02
  1.00000265e+03 1.00000265e+03]
 [7.39003786e+02 7.49003786e+02 7.46703726e+02 0.00000000e+00
  1.24940253e+03 1.24940253e+03]
 [1.00005000e+03 1.00000000e+03 1.00000265e+03 1.24940253e+03
  0.00000000e+00 5.50533364e-09]
 [1.00005000e+03 1.00000000e+03 1.00000265e+03 1.24940253e+03
  5.50533364e-09 0.00000000e+00]]
locs:  [[ 999.99999999 1000.        ]
 [1000.          990.        ]
 [ 999.99999999  997.69993976]
 [1000.          250.99621368]
 [2000.         1000.        ]
 [2000.         1000.        ]]
distances:  [[0.00000000e+00 1.00000000e+01 2.30006023e+00 7.49003786e+02
  1.00000000e+03 1.00000000e+03]
 [1.00000000e+01 0.00000000e+00 7.69993977e+00 7.39003786e+02
  1.00005000e+03 1.00005000e+03]
 [2.30006023e+00 7.69993977e+00 0.00000000e+00 7.46703726e+02
  1.00000265e+03 1.00000265e+03]
 [7.49003786e+02 7.39003786e+02 7.46703726e+02 0.00000000e+00
  1.24940253e+03 1.24940253e+03]
 [1.00000000e+03 1.00005000e+03 1.00000265e+03 1.24940253e+03
  0.00000000e+00 5.50533364e-09]
 [1.00000000e+03 1.00005000e+03 1.00000265e+03 1.24940253e+03
  5.50533364e-09 0.00000000e+00]]
locs:  [[ 999.99999999 1000.        ]
 [1000.         1000.        ]
 [ 999.99999999  987.69993976]
 [1000.          250.99621368]
 [2000.         1000.        ]
 [2000.         1000.        ]]
distances:  [[0.00000000e+00 4.72086220e-09 1.23000602e+01 7.49003786e+02
  1.00000000e+03 1.00000000e+03]
 [4.72086220e-09 0.00000000e+00 1.23000602e+01 7.49003786e+02
  1.00000000e+03 1.00000000e+03]
 [1.23000602e+01 1.23000602e+01 0.00000000e+00 7.36703726e+02
  1.00007564e+03 1.00007564e+03]
 [7.49003786e+02 7.49003786e+02 7.36703726e+02 0.00000000e+00
  1.24940253e+03 1.24940253e+03]
 [1.00000000e+03 1.00000000e+03 1.00007564e+03 1.24940253e+03
  0.00000000e+00 5.50533364e-09]
 [1.00000000e+03 1.00000000e+03 1.00007564e+03 1.24940253e+03
  5.50533364e-09 0.00000000e+00]]
locs:  [[ 999.99999999 1000.        ]
 [1000.         1000.        ]
 [ 999.99999999  997.69993976]
 [1000.          260.99621368]
 [2000.         1000.        ]
 [2000.         1000.        ]]
distances:  [[0.00000000e+00 4.72086220e-09 2.30006023e+00 7.39003786e+02
  1.00000000e+03 1.00000000e+03]
 [4.72086220e-09 0.00000000e+00 2.30006023e+00 7.39003786e+02
  1.00000000e+03 1.00000000e+03]
 [2.30006023e+00 2.30006023e+00 0.00000000e+00 7.36703726e+02
  1.00000265e+03 1.00000265e+03]
