=====================================================
Optimizing turbine layout...
Number of parameters to optimize =  12
=====================================================
locs:  [[   0.    0.]
 [ 100.    0.]
 [  50. 1000.]
 [1000.    0.]
 [1100.    0.]
 [1050. 1000.]]
distances:  [[   0.          100.         1001.24921973 1000.         1100.
  1450.        ]
 [ 100.            0.         1001.24921973  900.         1000.
  1379.31142241]
 [1001.24921973 1001.24921973    0.         1379.31142241 1450.
  1000.        ]
 [1000.          900.         1379.31142241    0.          100.
  1001.24921973]
 [1100.         1000.         1450.          100.            0.
  1001.24921973]
 [1450.         1379.31142241 1000.         1001.24921973 1001.24921973
     0.        ]]
  NIT    FC           OBJFUN            GNORM
locs:  [[   0.    0.]
 [ 100.    0.]
 [  50. 1000.]
 [1000.    0.]
 [1100.    0.]
 [1050. 1000.]]
distances:  [[   0.          100.         1001.24921973 1000.         1100.
  1450.        ]
 [ 100.            0.         1001.24921973  900.         1000.
  1379.31142241]
 [1001.24921973 1001.24921973    0.         1379.31142241 1450.
  1000.        ]
 [1000.          900.         1379.31142241    0.          100.
  1001.24921973]
 [1100.         1000.         1450.          100.            0.
  1001.24921973]
 [1450.         1379.31142241 1000.         1001.24921973 1001.24921973
     0.        ]]
locs:  [[   0.    0.]
 [ 100.    0.]
 [  50. 1000.]
 [1000.    0.]
 [1100.    0.]
 [1050. 1000.]]
distances:  [[   0.          100.         1001.24921973 1000.         1100.
  1450.        ]
 [ 100.            0.         1001.24921973  900.         1000.
  1379.31142241]
 [1001.24921973 1001.24921973    0.         1379.31142241 1450.
  1000.        ]
 [1000.          900.         1379.31142241    0.          100.
  1001.24921973]
 [1100.         1000.         1450.          100.            0.
  1001.24921973]
 [1450.         1379.31142241 1000.         1001.24921973 1001.24921973
     0.        ]]
locs:  [[  20.    0.]
 [ 100.    0.]
 [  50. 1000.]
 [1000.    0.]
 [1100.    0.]
 [1050. 1000.]]
distances:  [[   0.           80.         1000.4498988   980.         1080.
  1435.58350506]
 [  80.            0.         1001.24921973  900.         1000.
  1379.31142241]
 [1000.4498988  1001.24921973    0.         1379.31142241 1450.
  1000.        ]
 [ 980.          900.         1379.31142241    0.          100.
  1001.24921973]
 [1080.         1000.         1450.          100.            0.
  1001.24921973]
 [1435.58350506 1379.31142241 1000.         1001.24921973 1001.24921973
     0.        ]]
locs:  [[   0.    0.]
 [ 120.    0.]
 [  50. 1000.]
 [1000.    0.]
 [1100.    0.]
 [1050. 1000.]]
distances:  [[   0.          120.         1001.24921973 1000.         1100.
  1450.        ]
 [ 120.            0.         1002.44700608  880.          980.
  1365.61341528]
 [1001.24921973 1002.44700608    0.         1379.31142241 1450.
  1000.        ]
 [1000.          880.         1379.31142241    0.          100.
  1001.24921973]
 [1100.          980.         1450.          100.            0.
  1001.24921973]
 [1450.         1365.61341528 1000.         1001.24921973 1001.24921973
     0.        ]]
locs:  [[   0.    0.]
 [ 100.    0.]
 [  70. 1000.]
 [1000.    0.]
 [1100.    0.]
 [1050. 1000.]]
distances:  [[   0.          100.         1002.44700608 1000.         1100.
  1450.        ]
 [ 100.            0.         1000.4498988   900.         1000.
  1379.31142241]
 [1002.44700608 1000.4498988     0.         1365.61341528 1435.58350506
   980.        ]
 [1000.          900.         1365.61341528    0.          100.
  1001.24921973]
 [1100.         1000.         1435.58350506  100.            0.
  1001.24921973]
 [1450.         1379.31142241  980.         1001.24921973 1001.24921973
     0.        ]]
locs:  [[   0.    0.]
 [ 100.    0.]
 [  50. 1000.]
 [1020.    0.]
 [1100.    0.]
 [1050. 1000.]]
distances:  [[   0.          100.         1001.24921973 1020.         1100.
  1450.        ]
 [ 100.            0.         1001.24921973  920.         1000.
  1379.31142241]
 [1001.24921973 1001.24921973    0.         1393.16187143 1450.
  1000.        ]
 [1020.          920.         1393.16187143    0.           80.
  1000.4498988 ]
 [1100.         1000.         1450.           80.            0.
  1001.24921973]
 [1450.         1379.31142241 1000.         1000.4498988  1001.24921973
     0.        ]]
locs:  [[   0.    0.]
 [ 100.    0.]
 [  50. 1000.]
 [1000.    0.]
 [1120.    0.]
 [1050. 1000.]]
distances:  [[   0.          100.         1001.24921973 1000.         1120.
  1450.        ]
 [ 100.            0.         1001.24921973  900.         1020.
  1379.31142241]
 [1001.24921973 1001.24921973    0.         1379.31142241 1464.54771175
  1000.        ]
 [1000.          900.         1379.31142241    0.          120.
  1001.24921973]
 [1120.         1020.         1464.54771175  120.            0.
  1002.44700608]
 [1450.         1379.31142241 1000.         1001.24921973 1002.44700608
     0.        ]]
locs:  [[   0.    0.]
 [ 100.    0.]
 [  50. 1000.]
 [1000.    0.]
 [1100.    0.]
 [1070. 1000.]]
distances:  [[   0.          100.         1001.24921973 1000.         1100.
  1464.54771175]
 [ 100.            0.         1001.24921973  900.         1000.
  1393.16187143]
 [1001.24921973 1001.24921973    0.         1379.31142241 1450.
  1020.        ]
 [1000.          900.         1379.31142241    0.          100.
  1002.44700608]
 [1100.         1000.         1450.          100.            0.
  1000.4498988 ]
 [1464.54771175 1393.16187143 1020.         1002.44700608 1000.4498988
     0.        ]]
locs:  [[   0.   10.]
 [ 100.    0.]
 [  50. 1000.]
 [1000.    0.]
 [1100.    0.]
 [1050. 1000.]]
distances:  [[   0.          100.49875621  991.26182212 1000.04999875 1100.04545361
  1443.1216165 ]
 [ 100.49875621    0.         1001.24921973  900.         1000.
  1379.31142241]
 [ 991.26182212 1001.24921973    0.         1379.31142241 1450.
  1000.        ]
 [1000.04999875  900.         1379.31142241    0.          100.
  1001.24921973]
 [1100.04545361 1000.         1450.          100.            0.
  1001.24921973]
 [1443.1216165  1379.31142241 1000.         1001.24921973 1001.24921973
     0.        ]]
locs:  [[   0.    0.]
 [ 100.   10.]
 [  50. 1000.]
 [1000.    0.]
 [1100.    0.]
 [1050. 1000.]]
distances:  [[   0.          100.49875621 1001.24921973 1000.         1100.
  1450.        ]
 [ 100.49875621    0.          991.26182212  900.05555384 1000.04999875
  1372.07871494]
 [1001.24921973  991.26182212    0.         1379.31142241 1450.
  1000.        ]
 [1000.          900.05555384 1379.31142241    0.          100.
  1001.24921973]
 [1100.         1000.04999875 1450.          100.            0.
  1001.24921973]
 [1450.         1372.07871494 1000.         1001.24921973 1001.24921973
     0.        ]]
locs:  [[   0.    0.]
 [ 100.    0.]
 [  50.  990.]
 [1000.    0.]
 [1100.    0.]
 [1050. 1000.]]
distances:  [[   0.          100.          991.26182212 1000.         1100.
  1450.        ]
 [ 100.            0.          991.26182212  900.         1000.
  1379.31142241]
 [ 991.26182212  991.26182212    0.         1372.07871494 1443.1216165
  1000.04999875]
 [1000.          900.         1372.07871494    0.          100.
  1001.24921973]
 [1100.         1000.         1443.1216165   100.            0.
  1001.24921973]
 [1450.         1379.31142241 1000.04999875 1001.24921973 1001.24921973
     0.        ]]
locs:  [[   0.    0.]
 [ 100.    0.]
 [  50. 1000.]
 [1000.   10.]
 [1100.    0.]
 [1050. 1000.]]
distances:  [[   0.          100.         1001.24921973 1000.04999875 1100.
  1450.        ]
 [ 100.            0.         1001.24921973  900.05555384 1000.
  1379.31142241]
 [1001.24921973 1001.24921973    0.         1372.07871494 1450.
  1000.        ]
 [1000.04999875  900.05555384 1372.07871494    0.          100.49875621
   991.26182212]
 [1100.         1000.         1450.          100.49875621    0.
  1001.24921973]
 [1450.         1379.31142241 1000.          991.26182212 1001.24921973
     0.        ]]
locs:  [[   0.    0.]
 [ 100.    0.]
 [  50. 1000.]
 [1000.    0.]
 [1100.   10.]
 [1050. 1000.]]
distances:  [[   0.          100.         1001.24921973 1000.         1100.04545361
  1450.        ]
 [ 100.            0.         1001.24921973  900.         1000.04999875
  1379.31142241]
 [1001.24921973 1001.24921973    0.         1379.31142241 1443.1216165
  1000.        ]
 [1000.          900.         1379.31142241    0.          100.49875621
  1001.24921973]
 [1100.04545361 1000.04999875 1443.1216165   100.49875621    0.
   991.26182212]
 [1450.         1379.31142241 1000.         1001.24921973  991.26182212
     0.        ]]
locs:  [[   0.    0.]
 [ 100.    0.]
 [  50. 1000.]
 [1000.    0.]
 [1100.    0.]
 [1050.  990.]]
distances:  [[   0.          100.         1001.24921973 1000.         1100.
  1443.1216165 ]
 [ 100.            0.         1001.24921973  900.         1000.
  1372.07871494]
 [1001.24921973 1001.24921973    0.         1379.31142241 1450.
  1000.04999875]
 [1000.          900.         1379.31142241    0.          100.
   991.26182212]
 [1100.         1000.         1450.          100.            0.
   991.26182212]
 [1443.1216165  1372.07871494 1000.04999875  991.26182212  991.26182212
     0.        ]]
locs:  [[   0.          108.43292979]
 [2000.          129.42374975]
 [   0.         1000.        ]
 [   0.          127.61166103]
 [2000.          109.2063219 ]
 [1096.89421344 1000.        ]]
distances:  [[   0.         2000.1101506   891.56707021   19.17873124 2000.00014953
  1413.53059965]
 [2000.1101506     0.         2181.26179252 2000.00082092   20.21742786
  1254.39350653]
 [ 891.56707021 2181.26179252    0.          872.38833897 2189.40936715
  1096.89421344]
 [  19.17873124 2000.00082092  872.38833897    0.         2000.08468733
  1401.51287167]
 [2000.00014953   20.21742786 2189.40936715 2000.08468733    0.
  1268.50835183]
 [1413.53059965 1254.39350653 1096.89421344 1401.51287167 1268.50835183
     0.        ]]
    1    14    -8.383901E-01     4.078156E+00
locs:  [[   0.           51.94467726]
 [1010.19293656   62.00030676]
 [  26.0475543  1000.        ]
 [ 520.95108602   61.13222763]
 [1531.14402258   52.3151699 ]
 [1072.46462202 1000.        ]]
distances:  [[   0.         1010.24298303  948.41307987  521.03209604 1531.14406741
  1431.42909725]
 [1010.24298303    0.         1359.55344063  489.24262067  521.04110769
   940.06445913]
 [ 948.41307987 1359.55344063    0.         1061.32096922 1778.60111212
  1046.41706772]
 [ 521.03209604  489.24262067 1061.32096922    0.         1010.23141388
  1088.87091723]
 [1531.14406741  521.04110769 1778.60111212 1010.23141388    0.
  1052.8500984 ]
 [1431.42909725  940.06445913 1046.41706772 1088.87091723 1052.8500984
     0.        ]]
locs:  [[   0.           28.31845554]
 [ 596.20595541   33.80043968]
 [  36.94194854 1000.        ]
 [ 738.83897083   33.32719273]
 [1335.04492625   28.52043542]
 [1062.24694104 1000.        ]]
distances:  [[   0.          596.23115771  972.38353102  738.85594826 1335.04494153
  1439.6296703 ]
 [ 596.23115771    0.         1116.38605318  142.63380052  738.85783698
  1072.72353877]
 [ 972.38353102 1116.38605318    0.         1194.61949851 1621.37098936
  1025.3049925 ]
 [ 738.85594826  142.63380052 1194.61949851    0.          596.22533172
  1019.33754543]
 [1335.04494153  738.85783698 1621.37098936  596.22533172    0.
  1009.05464923]
 [1439.6296703  1072.72353877 1025.3049925  1019.33754543 1009.05464923
     0.        ]]
locs:  [[   0.           28.31845554]
 [ 596.20595541   33.80043968]
 [  36.94194854 1000.        ]
 [ 738.83897083   33.32719273]
 [1335.04492625   28.52043542]
 [1062.24694104 1000.        ]]
distances:  [[   0.          596.23115771  972.38353102  738.85594826 1335.04494153
  1439.6296703 ]
 [ 596.23115771    0.         1116.38605318  142.63380052  738.85783698
  1072.72353877]
 [ 972.38353102 1116.38605318    0.         1194.61949851 1621.37098936
  1025.3049925 ]
 [ 738.85594826  142.63380052 1194.61949851    0.          596.22533172
  1019.33754543]
 [1335.04494153  738.85783698 1621.37098936  596.22533172    0.
  1009.05464923]
 [1439.6296703  1072.72353877 1025.3049925  1019.33754543 1009.05464923
     0.        ]]
locs:  [[  20.           28.31845554]
 [ 596.20595541   33.80043968]
 [  36.94194854 1000.        ]
 [ 738.83897083   33.32719273]
 [1335.04492625   28.52043542]
 [1062.24694104 1000.        ]]
distances:  [[   0.          576.23203244  971.82923061  718.8564206  1315.04494176
  1424.93638804]
 [ 576.23203244    0.         1116.38605318  142.63380052  738.85783698
  1072.72353877]
 [ 971.82923061 1116.38605318    0.         1194.61949851 1621.37098936
  1025.3049925 ]
 [ 718.8564206   142.63380052 1194.61949851    0.          596.22533172
  1019.33754543]
 [1315.04494176  738.85783698 1621.37098936  596.22533172    0.
  1009.05464923]
 [1424.93638804 1072.72353877 1025.3049925  1019.33754543 1009.05464923
     0.        ]]
locs:  [[   0.           28.31845554]
 [ 616.20595541   33.80043968]
 [  36.94194854 1000.        ]
 [ 738.83897083   33.32719273]
 [1335.04492625   28.52043542]
 [1062.24694104 1000.        ]]
distances:  [[   0.          616.23033976  972.38353102  738.85594826 1335.04494153
  1439.6296703 ]
 [ 616.23033976    0.         1126.53822838  122.63392856  718.85836187
  1064.18708469]
 [ 972.38353102 1126.53822838    0.         1194.61949851 1621.37098936
  1025.3049925 ]
 [ 738.85594826  122.63392856 1194.61949851    0.          596.22533172
  1019.33754543]
 [1335.04494153  718.85836187 1621.37098936  596.22533172    0.
  1009.05464923]
 [1439.6296703  1064.18708469 1025.3049925  1019.33754543 1009.05464923
     0.        ]]
locs:  [[   0.           28.31845554]
 [ 596.20595541   33.80043968]
 [  56.94194854 1000.        ]
 [ 738.83897083   33.32719273]
 [1335.04492625   28.52043542]
 [1062.24694104 1000.        ]]
distances:  [[   0.          596.23115771  973.34855491  738.85594826 1335.04494153
  1439.6296703 ]
 [ 596.23115771    0.         1106.50226365  142.63380052  738.85783698
  1072.72353877]
 [ 973.34855491 1106.50226365    0.         1182.97923284 1605.40330323
  1005.3049925 ]
 [ 738.85594826  142.63380052 1182.97923284    0.          596.22533172
  1019.33754543]
 [1335.04494153  738.85783698 1605.40330323  596.22533172    0.
  1009.05464923]
 [1439.6296703  1072.72353877 1005.3049925  1019.33754543 1009.05464923
     0.        ]]
locs:  [[   0.           28.31845554]
 [ 596.20595541   33.80043968]
 [  36.94194854 1000.        ]
 [ 758.83897083   33.32719273]
 [1335.04492625   28.52043542]
 [1062.24694104 1000.        ]]
distances:  [[   0.          596.23115771  972.38353102  758.85550081 1335.04494153
  1439.6296703 ]
 [ 596.23115771    0.         1116.38605318  162.63370397  738.85783698
  1072.72353877]
 [ 972.38353102 1116.38605318    0.         1206.47902059 1621.37098936
  1025.3049925 ]
 [ 758.85550081  162.63370397 1206.47902059    0.          576.22600425
  1013.16963669]
 [1335.04494153  738.85783698 1621.37098936  576.22600425    0.
  1009.05464923]
 [1439.6296703  1072.72353877 1025.3049925  1013.16963669 1009.05464923
     0.        ]]
locs:  [[   0.           28.31845554]
 [ 596.20595541   33.80043968]
 [  36.94194854 1000.        ]
 [ 738.83897083   33.32719273]
 [1355.04492625   28.52043542]
 [1062.24694104 1000.        ]]
distances:  [[   0.          596.23115771  972.38353102  738.85594826 1355.0449413
  1439.6296703 ]
 [ 596.23115771    0.         1116.38605318  142.63380052  758.85733976
  1072.72353877]
 [ 972.38353102 1116.38605318    0.         1194.61949851 1637.42725159
  1025.3049925 ]
 [ 738.85594826  142.63380052 1194.61949851    0.          616.22470285
  1019.33754543]
 [1355.0449413   758.85733976 1637.42725159  616.22470285    0.
  1014.64437343]
 [1439.6296703  1072.72353877 1025.3049925  1019.33754543 1014.64437343
     0.        ]]
locs:  [[   0.           28.31845554]
 [ 596.20595541   33.80043968]
 [  36.94194854 1000.        ]
 [ 738.83897083   33.32719273]
 [1335.04492625   28.52043542]
 [1082.24694104 1000.        ]]
distances:  [[   0.          596.23115771  972.38353102  738.85594826 1335.04494153
  1454.44954029]
 [ 596.23115771    0.         1116.38605318  142.63380052  738.85783698
  1081.56249476]
 [ 972.38353102 1116.38605318    0.         1194.61949851 1621.37098936
  1045.3049925 ]
 [ 738.85594826  142.63380052 1194.61949851    0.          596.22533172
  1025.85834808]
 [1335.04494153  738.85783698 1621.37098936  596.22533172    0.
  1003.83233945]
 [1454.44954029 1081.56249476 1045.3049925  1025.85834808 1003.83233945
     0.        ]]
locs:  [[   0.           38.31845554]
 [ 596.20595541   33.80043968]
 [  36.94194854 1000.        ]
 [ 738.83897083   33.32719273]
 [1335.04492625   28.52043542]
 [1062.24694104 1000.        ]]
distances:  [[   0.          596.22307381  962.39082525  738.85583    1335.08088006
  1432.89914394]
 [ 596.22307381    0.         1116.38605318  142.63380052  738.85783698
  1072.72353877]
 [ 962.39082525 1116.38605318    0.         1194.61949851 1621.37098936
  1025.3049925 ]
 [ 738.85583     142.63380052 1194.61949851    0.          596.22533172
  1019.33754543]
 [1335.08088006  738.85783698 1621.37098936  596.22533172    0.
  1009.05464923]
 [1432.89914394 1072.72353877 1025.3049925  1019.33754543 1009.05464923
     0.        ]]
locs:  [[   0.           28.31845554]
 [ 596.20595541   43.80043968]
 [  36.94194854 1000.        ]
 [ 738.83897083   33.32719273]
 [1335.04492625   28.52043542]
 [1062.24694104 1000.        ]]
distances:  [[   0.          596.40693583  972.38353102  738.85594826 1335.04494153
  1439.6296703 ]
 [ 596.40693583    0.         1107.74267252  143.01701294  738.99695761
  1063.72543423]
 [ 972.38353102 1107.74267252    0.         1194.61949851 1621.37098936
  1025.3049925 ]
 [ 738.85594826  143.01701294 1194.61949851    0.          596.22533172
  1019.33754543]
 [1335.04494153  738.99695761 1621.37098936  596.22533172    0.
  1009.05464923]
 [1439.6296703  1063.72543423 1025.3049925  1019.33754543 1009.05464923
     0.        ]]
locs:  [[   0.           28.31845554]
 [ 596.20595541   33.80043968]
 [  36.94194854  990.        ]
 [ 738.83897083   33.32719273]
 [1335.04492625   28.52043542]
 [1062.24694104 1000.        ]]
distances:  [[   0.          596.23115771  962.39082525  738.85594826 1335.04494153
  1439.6296703 ]
 [ 596.23115771    0.         1107.74267252  142.63380052  738.85783698
  1072.72353877]
 [ 962.39082525 1107.74267252    0.         1186.54215689 1615.39911286
  1025.35375732]
 [ 738.85594826  142.63380052 1186.54215689    0.          596.22533172
  1019.33754543]
 [1335.04494153  738.85783698 1615.39911286  596.22533172    0.
  1009.05464923]
 [1439.6296703  1072.72353877 1025.35375732 1019.33754543 1009.05464923
     0.        ]]
locs:  [[   0.           28.31845554]
 [ 596.20595541   33.80043968]
 [  36.94194854 1000.        ]
 [ 738.83897083   43.32719273]
 [1335.04492625   28.52043542]
 [1062.24694104 1000.        ]]
distances:  [[   0.          596.23115771  972.38353102  738.99139847 1335.04494153
  1439.6296703 ]
 [ 596.23115771    0.         1116.38605318  142.95081711  738.85783698
  1072.72353877]
 [ 972.38353102 1116.38605318    0.         1186.54215689 1621.37098936
  1025.3049925 ]
 [ 738.99139847  142.95081711 1186.54215689    0.          596.38978976
  1009.85918591]
 [1335.04494153  738.85783698 1621.37098936  596.38978976    0.
  1009.05464923]
 [1439.6296703  1072.72353877 1025.3049925  1009.85918591 1009.05464923
     0.        ]]
locs:  [[   0.           28.31845554]
 [ 596.20595541   33.80043968]
 [  36.94194854 1000.        ]
 [ 738.83897083   33.32719273]
 [1335.04492625   38.52043542]
 [1062.24694104 1000.        ]]
distances:  [[   0.          596.23115771  972.38353102  738.85594826 1335.08390579
  1439.6296703 ]
 [ 596.23115771    0.         1116.38605318  142.63380052  738.85404728
  1072.72353877]
 [ 972.38353102 1116.38605318    0.         1194.61949851 1615.39911286
  1025.3049925 ]
 [ 738.85594826  142.63380052 1194.61949851    0.          596.22857281
  1019.33754543]
 [1335.08390579  738.85404728 1615.39911286  596.22857281    0.
   999.43068486]
 [1439.6296703  1072.72353877 1025.3049925  1019.33754543  999.43068486
     0.        ]]
locs:  [[   0.           28.31845554]
 [ 596.20595541   33.80043968]
 [  36.94194854 1000.        ]
 [ 738.83897083   33.32719273]
 [1335.04492625   28.52043542]
 [1062.24694104  990.        ]]
distances:  [[   0.          596.23115771  972.38353102  738.85594826 1335.04494153
  1432.89914394]
 [ 596.23115771    0.         1116.38605318  142.63380052  738.85783698
  1063.72543423]
 [ 972.38353102 1116.38605318    0.         1194.61949851 1621.37098936
  1025.35375732]
 [ 738.85594826  142.63380052 1194.61949851    0.          596.22533172
  1009.85918591]
 [1335.04494153  738.85783698 1621.37098936  596.22533172    0.
   999.43068486]
 [1432.89914394 1063.72543423 1025.35375732 1009.85918591  999.43068486
     0.        ]]
locs:  [[1.03737234e-13 3.90445853e+01]
 [0.00000000e+00 7.56807937e+01]
 [0.00000000e+00 1.00000000e+03]
 [7.92728140e+02 3.85300065e+01]
 [2.00000000e+03 3.92062719e+01]
 [1.11248960e+03 1.00000000e+03]]
distances:  [[   0.           36.63620844  960.95541474  792.72830672 2000.00000654
  1470.0572826 ]
 [  36.63620844    0.          924.3192063   793.5981883  2000.33257003
  1446.37446747]
 [ 960.95541474  924.3192063     0.         1246.13099307 2218.81152601
  1112.48959771]
 [ 792.72830672  793.5981883  1246.13099307    0.         1207.2720497
  1013.24821165]
 [2000.00000654 2000.33257003 2218.81152601 1207.2720497     0.
  1307.97526816]
 [1470.0572826  1446.37446747 1112.48959771 1013.24821165 1307.97526816
     0.        ]]
    2    29    -1.016344E+00     1.392116E+00
locs:  [[4.21478085e-14 3.26764169e+01]
 [3.53971095e+02 5.08161733e+01]
 [2.19326591e+01 1.00000000e+03]
 [7.60733813e+02 3.54410644e+01]
 [1.60521214e+03 3.28620259e+01]
 [1.08266023e+03 1.00000000e+03]]
distances:  [[   0.          354.43558934  967.57219674  760.7388366  1605.21214662
  1451.84988288]
 [ 354.43558934    0.         1005.58413867  407.05319378 1251.36984674
  1196.63603003]
 [ 967.57219674 1005.58413867    0.         1214.9901585  1855.29775575
  1060.72756832]
 [ 760.7388366   407.05319378 1214.9901585     0.          844.48226108
  1016.86309629]
 [1605.21214662 1251.36984674 1855.29775575  844.48226108    0.
  1099.27992702]
 [1451.84988288 1196.63603003 1060.72756832 1016.86309629 1099.27992702
     0.        ]]
locs:  [[4.21478085e-14 3.26764169e+01]
 [3.53971095e+02 5.08161733e+01]
 [2.19326591e+01 1.00000000e+03]
 [7.60733813e+02 3.54410644e+01]
 [1.60521214e+03 3.28620259e+01]
 [1.08266023e+03 1.00000000e+03]]
distances:  [[   0.          354.43558934  967.57219674  760.7388366  1605.21214662
  1451.84988288]
 [ 354.43558934    0.         1005.58413867  407.05319378 1251.36984674
  1196.63603003]
 [ 967.57219674 1005.58413867    0.         1214.9901585  1855.29775575
  1060.72756832]
 [ 760.7388366   407.05319378 1214.9901585     0.          844.48226108
  1016.86309629]
 [1605.21214662 1251.36984674 1855.29775575  844.48226108    0.
  1099.27992702]
 [1451.84988288 1196.63603003 1060.72756832 1016.86309629 1099.27992702
     0.        ]]
locs:  [[  20.           32.67641693]
 [ 353.97109519   50.81617327]
 [  21.93265912 1000.        ]
 [ 760.733813     35.44106438]
 [1605.21213589   32.86202591]
 [1082.66022743 1000.        ]]
distances:  [[   0.          334.46336598  967.32551374  740.73897224 1585.21214675
  1436.99745071]
 [ 334.46336598    0.         1005.58413867  407.05319378 1251.36984674
  1196.63603003]
 [ 967.32551374 1005.58413867    0.         1214.9901585  1855.29775575
  1060.72756832]
 [ 740.73897224  407.05319378 1214.9901585     0.          844.48226108
  1016.86309629]
 [1585.21214675 1251.36984674 1855.29775575  844.48226108    0.
  1099.27992702]
 [1436.99745071 1196.63603003 1060.72756832 1016.86309629 1099.27992702
     0.        ]]
locs:  [[4.21478085e-14 3.26764169e+01]
 [3.73971095e+02 5.08161733e+01]
 [2.19326591e+01 1.00000000e+03]
 [7.60733813e+02 3.54410644e+01]
 [1.60521214e+03 3.28620259e+01]
 [1.08266023e+03 1.00000000e+03]]
distances:  [[   0.          374.41077816  967.57219674  760.7388366  1605.21214662
  1451.84988288]
 [ 374.41077816    0.         1012.36406366  387.06820311 1231.37193881
  1184.5633048 ]
 [ 967.57219674 1012.36406366    0.         1214.9901585  1855.29775575
  1060.72756832]
 [ 760.7388366   387.06820311 1214.9901585     0.          844.48226108
  1016.86309629]
 [1605.21214662 1231.37193881 1855.29775575  844.48226108    0.
  1099.27992702]
 [1451.84988288 1184.5633048  1060.72756832 1016.86309629 1099.27992702
     0.        ]]
locs:  [[4.21478085e-14 3.26764169e+01]
 [3.53971095e+02 5.08161733e+01]
 [4.19326591e+01 1.00000000e+03]
 [7.60733813e+02 3.54410644e+01]
 [1.60521214e+03 3.28620259e+01]
 [1.08266023e+03 1.00000000e+03]]
distances:  [[   0.          354.43558934  968.23202915  760.7388366  1605.21214662
  1451.84988288]
 [ 354.43558934    0.          999.15860728  407.05319378 1251.36984674
  1196.63603003]
 [ 968.23202915  999.15860728    0.         1202.933514   1838.25966159
  1040.72756832]
 [ 760.7388366   407.05319378 1202.933514      0.          844.48226108
  1016.86309629]
 [1605.21214662 1251.36984674 1838.25966159  844.48226108    0.
  1099.27992702]
 [1451.84988288 1196.63603003 1040.72756832 1016.86309629 1099.27992702
     0.        ]]
locs:  [[4.21478085e-14 3.26764169e+01]
 [3.53971095e+02 5.08161733e+01]
 [2.19326591e+01 1.00000000e+03]
 [7.80733813e+02 3.54410644e+01]
 [1.60521214e+03 3.28620259e+01]
 [1.08266023e+03 1.00000000e+03]]
distances:  [[   0.          354.43558934  967.57219674  780.73870791 1605.21214662
  1451.84988288]
 [ 354.43558934    0.         1005.58413867  427.03958983 1251.36984674
  1196.63603003]
 [ 967.57219674 1005.58413867    0.         1227.25430593 1855.29775575
  1060.72756832]
 [ 780.73870791  427.03958983 1227.25430593    0.          824.48235661
  1010.70940434]
 [1605.21214662 1251.36984674 1855.29775575  824.48235661    0.
  1099.27992702]
 [1451.84988288 1196.63603003 1060.72756832 1010.70940434 1099.27992702
     0.        ]]
locs:  [[4.21478085e-14 3.26764169e+01]
 [3.53971095e+02 5.08161733e+01]
 [2.19326591e+01 1.00000000e+03]
 [7.60733813e+02 3.54410644e+01]
 [1.62521214e+03 3.28620259e+01]
 [1.08266023e+03 1.00000000e+03]]
distances:  [[   0.          354.43558934  967.57219674  760.7388366  1625.21214649
  1451.84988288]
 [ 354.43558934    0.         1005.58413867  407.05319378 1271.36782048
  1196.63603003]
 [ 967.57219674 1005.58413867    0.         1214.9901585  1872.3944407
  1060.72756832]
 [ 760.7388366   407.05319378 1214.9901585     0.          864.48216996
  1016.86309629]
 [1625.21214649 1271.36782048 1872.3944407   864.48216996    0.
  1108.92670375]
 [1451.84988288 1196.63603003 1060.72756832 1016.86309629 1108.92670375
     0.        ]]
locs:  [[4.21478085e-14 3.26764169e+01]
 [3.53971095e+02 5.08161733e+01]
 [2.19326591e+01 1.00000000e+03]
 [7.60733813e+02 3.54410644e+01]
 [1.60521214e+03 3.28620259e+01]
 [1.10266023e+03 1.00000000e+03]]
distances:  [[   0.          354.43558934  967.57219674  760.7388366  1605.21214662
  1466.82462876]
 [ 354.43558934    0.         1005.58413867  407.05319378 1251.36984674
  1208.91908483]
 [ 967.57219674 1005.58413867    0.         1214.9901585  1855.29775575
  1080.72756832]
 [ 760.7388366   407.05319378 1214.9901585     0.          844.48226108
  1023.37071151]
 [1605.21214662 1251.36984674 1855.29775575  844.48226108    0.
  1089.91480475]
 [1466.82462876 1208.91908483 1080.72756832 1023.37071151 1089.91480475
     0.        ]]
locs:  [[4.21478085e-14 4.26764169e+01]
 [3.53971095e+02 5.08161733e+01]
 [2.19326591e+01 1.00000000e+03]
 [7.60733813e+02 3.54410644e+01]
 [1.60521214e+03 3.28620259e+01]
 [1.08266023e+03 1.00000000e+03]]
distances:  [[   0.          354.06467187  957.57479303  760.76822    1605.24213858
  1445.20642497]
 [ 354.06467187    0.         1005.58413867  407.05319378 1251.36984674
  1196.63603003]
 [ 957.57479303 1005.58413867    0.         1214.9901585  1855.29775575
  1060.72756832]
 [ 760.76822     407.05319378 1214.9901585     0.          844.48226108
  1016.86309629]
 [1605.24213858 1251.36984674 1855.29775575  844.48226108    0.
  1099.27992702]
 [1445.20642497 1196.63603003 1060.72756832 1016.86309629 1099.27992702
     0.        ]]
locs:  [[4.21478085e-14 3.26764169e+01]
 [3.53971095e+02 6.08161733e+01]
 [2.19326591e+01 1.00000000e+03]
 [7.60733813e+02 3.54410644e+01]
 [1.60521214e+03 3.28620259e+01]
 [1.08266023e+03 1.00000000e+03]]
distances:  [[   0.          355.08785127  967.57219674  760.7388366  1605.21214662
  1451.84988288]
 [ 355.08785127    0.          996.15048231  407.5534379  1251.55326546
  1188.71952614]
 [ 967.57219674  996.15048231    0.         1214.9901585  1855.29775575
  1060.72756832]
 [ 760.7388366   407.5534379  1214.9901585     0.          844.48226108
  1016.86309629]
 [1605.21214662 1251.55326546 1855.29775575  844.48226108    0.
  1099.27992702]
 [1451.84988288 1188.71952614 1060.72756832 1016.86309629 1099.27992702
     0.        ]]
locs:  [[4.21478085e-14 3.26764169e+01]
 [3.53971095e+02 5.08161733e+01]
 [2.19326591e+01 9.90000000e+02]
 [7.60733813e+02 3.54410644e+01]
 [1.60521214e+03 3.28620259e+01]
 [1.08266023e+03 1.00000000e+03]]
distances:  [[   0.          354.43558934  957.57479303  760.7388366  1605.21214662
  1451.84988288]
 [ 354.43558934    0.          996.15048231  407.05319378 1251.36984674
  1196.63603003]
 [ 957.57479303  996.15048231    0.         1207.06665373 1850.10459245
  1060.77470473]
 [ 760.7388366   407.05319378 1207.06665373    0.          844.48226108
  1016.86309629]
 [1605.21214662 1251.36984674 1850.10459245  844.48226108    0.
  1099.27992702]
 [1451.84988288 1196.63603003 1060.77470473 1016.86309629 1099.27992702
     0.        ]]
locs:  [[4.21478085e-14 3.26764169e+01]
 [3.53971095e+02 5.08161733e+01]
 [2.19326591e+01 1.00000000e+03]
 [7.60733813e+02 4.54410644e+01]
 [1.60521214e+03 3.28620259e+01]
 [1.08266023e+03 1.00000000e+03]]
distances:  [[   0.          354.43558934  967.57219674  760.84089694 1605.21214662
  1451.84988288]
 [ 354.43558934    0.         1005.58413867  406.79823057 1251.36984674
  1196.63603003]
 [ 967.57219674 1005.58413867    0.         1207.06665373 1855.29775575
  1060.72756832]
 [ 760.84089694  406.79823057 1207.06665373    0.          844.57200406
  1007.38243874]
 [1605.21214662 1251.36984674 1855.29775575  844.57200406    0.
  1099.27992702]
 [1451.84988288 1196.63603003 1060.72756832 1007.38243874 1099.27992702
     0.        ]]
locs:  [[4.21478085e-14 3.26764169e+01]
 [3.53971095e+02 5.08161733e+01]
 [2.19326591e+01 1.00000000e+03]
 [7.60733813e+02 3.54410644e+01]
 [1.60521214e+03 4.28620259e+01]
 [1.08266023e+03 1.00000000e+03]]
distances:  [[   0.          354.43558934  967.57219674  760.7388366  1605.24445111
  1451.84988288]
 [ 354.43558934    0.         1005.58413867  407.05319378 1251.26632272
  1196.63603003]
 [ 967.57219674 1005.58413867    0.         1214.9901585  1850.10459245
  1060.72756832]
 [ 760.7388366   407.05319378 1214.9901585     0.          844.51092859
  1016.86309629]
 [1605.24445111 1251.26632272 1850.10459245  844.51092859    0.
  1090.49236516]
 [1451.84988288 1196.63603003 1060.72756832 1016.86309629 1090.49236516
     0.        ]]
locs:  [[4.21478085e-14 3.26764169e+01]
 [3.53971095e+02 5.08161733e+01]
 [2.19326591e+01 1.00000000e+03]
 [7.60733813e+02 3.54410644e+01]
 [1.60521214e+03 3.28620259e+01]
 [1.08266023e+03 9.90000000e+02]]
distances:  [[   0.          354.43558934  967.57219674  760.7388366  1605.21214662
  1445.20642497]
 [ 354.43558934    0.         1005.58413867  407.05319378 1251.36984674
  1188.71952614]
 [ 967.57219674 1005.58413867    0.         1214.9901585  1855.29775575
  1060.77470473]
 [ 760.7388366   407.05319378 1214.9901585     0.          844.48226108
  1007.38243874]
 [1605.21214662 1251.36984674 1855.29775575  844.48226108    0.
  1090.49236516]
 [1445.20642497 1188.71952614 1060.77470473 1007.38243874 1090.49236516
     0.        ]]
locs:  [[   0.           32.4671205 ]
 [ 430.2682327    15.73791488]
 [   0.         1000.        ]
 [ 900.27040084   33.40736235]
 [1707.14736141   29.02757318]
 [1138.61940033 1000.        ]]
distances:  [[   0.          430.59333296  967.5328795   900.27089184 1707.15082639
  1494.18004662]
 [ 430.59333296    0.         1074.19858698  470.33418697 1276.9482857
  1212.65544525]
 [ 967.5328795  1074.19858698    0.         1320.90428185 1963.96017455
  1138.61940033]
 [ 900.27089184  470.33418697 1320.90428185    0.          806.88884739
   995.54586671]
 [1707.15082639 1276.9482857  1963.96017455  806.88884739    0.
  1125.17176296]
 [1494.18004662 1212.65544525 1138.61940033  995.54586671 1125.17176296
     0.        ]]
    3    43    -1.150895E+00     1.909342E-01
locs:  [[   0.           32.4671205 ]
 [ 430.2682327    15.73791488]
 [   0.         1000.        ]
 [ 900.27040084   33.40736235]
 [1707.14736141   29.02757318]
 [1138.61940033 1000.        ]]
distances:  [[   0.          430.59333296  967.5328795   900.27089184 1707.15082639
  1494.18004662]
 [ 430.59333296    0.         1074.19858698  470.33418697 1276.9482857
  1212.65544525]
 [ 967.5328795  1074.19858698    0.         1320.90428185 1963.96017455
  1138.61940033]
 [ 900.27089184  470.33418697 1320.90428185    0.          806.88884739
   995.54586671]
 [1707.15082639 1276.9482857  1963.96017455  806.88884739    0.
  1125.17176296]
 [1494.18004662 1212.65544525 1138.61940033  995.54586671 1125.17176296
     0.        ]]
locs:  [[  20.           32.4671205 ]
 [ 430.2682327    15.73791488]
 [   0.         1000.        ]
 [ 900.27040084   33.40736235]
 [1707.14736141   29.02757318]
 [1138.61940033 1000.        ]]
distances:  [[   0.          410.60916829  967.73956874  880.27090299 1687.15086747
  1478.99602288]
 [ 410.60916829    0.         1074.19858698  470.33418697 1276.9482857
  1212.65544525]
 [ 967.73956874 1074.19858698    0.         1320.90428185 1963.96017455
  1138.61940033]
 [ 880.27090299  470.33418697 1320.90428185    0.          806.88884739
   995.54586671]
 [1687.15086747 1276.9482857  1963.96017455  806.88884739    0.
  1125.17176296]
 [1478.99602288 1212.65544525 1138.61940033  995.54586671 1125.17176296
     0.        ]]
locs:  [[   0.           32.4671205 ]
 [ 450.2682327    15.73791488]
 [   0.         1000.        ]
 [ 900.27040084   33.40736235]
 [1707.14736141   29.02757318]
 [1138.61940033 1000.        ]]
distances:  [[   0.          450.57890285  967.5328795   900.27089184 1707.15082639
  1494.18004662]
 [ 450.57890285    0.         1082.36469527  450.34893217 1256.9493861
  1201.08250432]
 [ 967.5328795  1082.36469527    0.         1320.90428185 1963.96017455
  1138.61940033]
 [ 900.27089184  450.34893217 1320.90428185    0.          806.88884739
   995.54586671]
 [1707.15082639 1256.9493861  1963.96017455  806.88884739    0.
  1125.17176296]
 [1494.18004662 1201.08250432 1138.61940033  995.54586671 1125.17176296
     0.        ]]
locs:  [[   0.           32.4671205 ]
 [ 430.2682327    15.73791488]
 [  20.         1000.        ]
 [ 900.27040084   33.40736235]
 [1707.14736141   29.02757318]
 [1138.61940033 1000.        ]]
distances:  [[   0.          430.59333296  967.73956874  900.27089184 1707.15082639
  1494.18004662]
 [ 430.59333296    0.         1066.34510125  470.33418697 1276.9482857
  1212.65544525]
 [ 967.73956874 1066.34510125    0.         1307.35508022 1946.60054268
  1118.61940033]
 [ 900.27089184  470.33418697 1307.35508022    0.          806.88884739
   995.54586671]
 [1707.15082639 1276.9482857  1946.60054268  806.88884739    0.
  1125.17176296]
 [1494.18004662 1212.65544525 1118.61940033  995.54586671 1125.17176296
     0.        ]]
locs:  [[   0.           32.4671205 ]
 [ 430.2682327    15.73791488]
 [   0.         1000.        ]
 [ 920.27040084   33.40736235]
 [1707.14736141   29.02757318]
 [1138.61940033 1000.        ]]
distances:  [[   0.          430.59333296  967.5328795   920.27088117 1707.15082639
  1494.18004662]
 [ 430.59333296    0.         1074.19858698  490.32064423 1276.9482857
  1212.65544525]
 [ 967.5328795  1074.19858698    0.         1334.61565173 1963.96017455
  1138.61940033]
 [ 920.27088117  490.32064423 1334.61565173    0.          786.88914951
   990.94783553]
 [1707.15082639 1276.9482857  1963.96017455  786.88914951    0.
  1125.17176296]
 [1494.18004662 1212.65544525 1138.61940033  990.94783553 1125.17176296
     0.        ]]
locs:  [[   0.           32.4671205 ]
 [ 430.2682327    15.73791488]
 [   0.         1000.        ]
 [ 900.27040084   33.40736235]
 [1727.14736141   29.02757318]
 [1138.61940033 1000.        ]]
distances:  [[   0.          430.59333296  967.5328795   900.27089184 1727.15078627
  1494.18004662]
 [ 430.59333296    0.         1074.19858698  470.33418697 1296.94721925
  1212.65544525]
 [ 967.5328795  1074.19858698    0.         1320.90428185 1981.36959239
  1138.61940033]
 [ 900.27089184  470.33418697 1320.90428185    0.          826.88855989
   995.54586671]
 [1727.15078627 1296.94721925 1981.36959239  826.88855989    0.
  1135.40856726]
 [1494.18004662 1212.65544525 1138.61940033  995.54586671 1135.40856726
     0.        ]]
locs:  [[   0.           32.4671205 ]
 [ 430.2682327    15.73791488]
 [   0.         1000.        ]
 [ 900.27040084   33.40736235]
 [1707.14736141   29.02757318]
 [1158.61940033 1000.        ]]
distances:  [[   0.          430.59333296  967.5328795   900.27089184 1707.15082639
  1509.47632897]
 [ 430.59333296    0.         1074.19858698  470.33418697 1276.9482857
  1224.44570136]
 [ 967.5328795  1074.19858698    0.         1320.90428185 1963.96017455
  1158.61940033]
 [ 900.27089184  470.33418697 1320.90428185    0.          806.88884739
  1000.52262978]
 [1707.15082639 1276.9482857  1963.96017455  806.88884739    0.
  1115.19970307]
 [1509.47632897 1224.44570136 1158.61940033 1000.52262978 1115.19970307
     0.        ]]
locs:  [[   0.           42.4671205 ]
 [ 430.2682327    15.73791488]
 [   0.         1000.        ]
 [ 900.27040084   33.40736235]
 [1707.14736141   29.02757318]
 [1138.61940033 1000.        ]]
distances:  [[   0.          431.09767165  957.5328795   900.31598556 1707.20026213
  1487.72421978]
 [ 431.09767165    0.         1074.19858698  470.33418697 1276.9482857
  1212.65544525]
 [ 957.5328795  1074.19858698    0.         1320.90428185 1963.96017455
  1138.61940033]
 [ 900.31598556  470.33418697 1320.90428185    0.          806.88884739
   995.54586671]
 [1707.20026213 1276.9482857  1963.96017455  806.88884739    0.
  1125.17176296]
 [1487.72421978 1212.65544525 1138.61940033  995.54586671 1125.17176296
     0.        ]]
locs:  [[   0.           32.4671205 ]
 [ 430.2682327    25.73791488]
 [   0.         1000.        ]
 [ 900.27040084   33.40736235]
 [1707.14736141   29.02757318]
 [1138.61940033 1000.        ]]
distances:  [[   0.          430.32085039  967.5328795   900.27089184 1707.15082639
  1494.18004662]
 [ 430.32085039    0.         1065.04336182  470.06473861 1276.88336632
  1204.55302382]
 [ 967.5328795  1065.04336182    0.         1320.90428185 1963.96017455
  1138.61940033]
 [ 900.27089184  470.06473861 1320.90428185    0.          806.88884739
   995.54586671]
 [1707.15082639 1276.88336632 1963.96017455  806.88884739    0.
  1125.17176296]
 [1494.18004662 1204.55302382 1138.61940033  995.54586671 1125.17176296
     0.        ]]
locs:  [[   0.           32.4671205 ]
 [ 430.2682327    15.73791488]
 [   0.          990.        ]
 [ 900.27040084   33.40736235]
 [1707.14736141   29.02757318]
 [1138.61940033 1000.        ]]
distances:  [[   0.          430.59333296  957.5328795   900.27089184 1707.15082639
