=====================================================
Optimizing turbine layout...
Number of parameters to optimize =  12
=====================================================
locs:  [[   0.    0.]
 [ 100.    0.]
 [  50. 1000.]
 [1000.    0.]
 [1100.    0.]
 [1050. 1000.]]
distances:  [[   0.          100.         1001.24921973 1000.         1100.
  1450.        ]
 [ 100.            0.         1001.24921973  900.         1000.
  1379.31142241]
 [1001.24921973 1001.24921973    0.         1379.31142241 1450.
  1000.        ]
 [1000.          900.         1379.31142241    0.          100.
  1001.24921973]
 [1100.         1000.         1450.          100.            0.
  1001.24921973]
 [1450.         1379.31142241 1000.         1001.24921973 1001.24921973
     0.        ]]
  NIT    FC           OBJFUN            GNORM
locs:  [[   0.    0.]
 [ 100.    0.]
 [  50. 1000.]
 [1000.    0.]
 [1100.    0.]
 [1050. 1000.]]
distances:  [[   0.          100.         1001.24921973 1000.         1100.
  1450.        ]
 [ 100.            0.         1001.24921973  900.         1000.
  1379.31142241]
 [1001.24921973 1001.24921973    0.         1379.31142241 1450.
  1000.        ]
 [1000.          900.         1379.31142241    0.          100.
  1001.24921973]
 [1100.         1000.         1450.          100.            0.
  1001.24921973]
 [1450.         1379.31142241 1000.         1001.24921973 1001.24921973
     0.        ]]
locs:  [[   0.    0.]
 [ 100.    0.]
 [  50. 1000.]
 [1000.    0.]
 [1100.    0.]
 [1050. 1000.]]
distances:  [[   0.          100.         1001.24921973 1000.         1100.
  1450.        ]
 [ 100.            0.         1001.24921973  900.         1000.
  1379.31142241]
 [1001.24921973 1001.24921973    0.         1379.31142241 1450.
  1000.        ]
 [1000.          900.         1379.31142241    0.          100.
  1001.24921973]
 [1100.         1000.         1450.          100.            0.
  1001.24921973]
 [1450.         1379.31142241 1000.         1001.24921973 1001.24921973
     0.        ]]
locs:  [[  20.    0.]
 [ 100.    0.]
 [  50. 1000.]
 [1000.    0.]
 [1100.    0.]
 [1050. 1000.]]
distances:  [[   0.           80.         1000.4498988   980.         1080.
  1435.58350506]
 [  80.            0.         1001.24921973  900.         1000.
  1379.31142241]
 [1000.4498988  1001.24921973    0.         1379.31142241 1450.
  1000.        ]
 [ 980.          900.         1379.31142241    0.          100.
  1001.24921973]
 [1080.         1000.         1450.          100.            0.
  1001.24921973]
 [1435.58350506 1379.31142241 1000.         1001.24921973 1001.24921973
     0.        ]]
locs:  [[   0.    0.]
 [ 120.    0.]
 [  50. 1000.]
 [1000.    0.]
 [1100.    0.]
 [1050. 1000.]]
distances:  [[   0.          120.         1001.24921973 1000.         1100.
  1450.        ]
 [ 120.            0.         1002.44700608  880.          980.
  1365.61341528]
 [1001.24921973 1002.44700608    0.         1379.31142241 1450.
  1000.        ]
 [1000.          880.         1379.31142241    0.          100.
  1001.24921973]
 [1100.          980.         1450.          100.            0.
  1001.24921973]
 [1450.         1365.61341528 1000.         1001.24921973 1001.24921973
     0.        ]]
locs:  [[   0.    0.]
 [ 100.    0.]
 [  70. 1000.]
 [1000.    0.]
 [1100.    0.]
 [1050. 1000.]]
distances:  [[   0.          100.         1002.44700608 1000.         1100.
  1450.        ]
 [ 100.            0.         1000.4498988   900.         1000.
  1379.31142241]
 [1002.44700608 1000.4498988     0.         1365.61341528 1435.58350506
   980.        ]
 [1000.          900.         1365.61341528    0.          100.
  1001.24921973]
 [1100.         1000.         1435.58350506  100.            0.
  1001.24921973]
 [1450.         1379.31142241  980.         1001.24921973 1001.24921973
     0.        ]]
locs:  [[   0.    0.]
 [ 100.    0.]
 [  50. 1000.]
 [1020.    0.]
 [1100.    0.]
 [1050. 1000.]]
distances:  [[   0.          100.         1001.24921973 1020.         1100.
  1450.        ]
 [ 100.            0.         1001.24921973  920.         1000.
  1379.31142241]
 [1001.24921973 1001.24921973    0.         1393.16187143 1450.
  1000.        ]
 [1020.          920.         1393.16187143    0.           80.
  1000.4498988 ]
 [1100.         1000.         1450.           80.            0.
  1001.24921973]
 [1450.         1379.31142241 1000.         1000.4498988  1001.24921973
     0.        ]]
locs:  [[   0.    0.]
 [ 100.    0.]
 [  50. 1000.]
 [1000.    0.]
 [1120.    0.]
 [1050. 1000.]]
distances:  [[   0.          100.         1001.24921973 1000.         1120.
  1450.        ]
 [ 100.            0.         1001.24921973  900.         1020.
  1379.31142241]
 [1001.24921973 1001.24921973    0.         1379.31142241 1464.54771175
  1000.        ]
 [1000.          900.         1379.31142241    0.          120.
  1001.24921973]
 [1120.         1020.         1464.54771175  120.            0.
  1002.44700608]
 [1450.         1379.31142241 1000.         1001.24921973 1002.44700608
     0.        ]]
locs:  [[   0.    0.]
 [ 100.    0.]
 [  50. 1000.]
 [1000.    0.]
 [1100.    0.]
 [1070. 1000.]]
distances:  [[   0.          100.         1001.24921973 1000.         1100.
  1464.54771175]
 [ 100.            0.         1001.24921973  900.         1000.
  1393.16187143]
 [1001.24921973 1001.24921973    0.         1379.31142241 1450.
  1020.        ]
 [1000.          900.         1379.31142241    0.          100.
  1002.44700608]
 [1100.         1000.         1450.          100.            0.
  1000.4498988 ]
 [1464.54771175 1393.16187143 1020.         1002.44700608 1000.4498988
     0.        ]]
locs:  [[   0.   10.]
 [ 100.    0.]
 [  50. 1000.]
 [1000.    0.]
 [1100.    0.]
 [1050. 1000.]]
distances:  [[   0.          100.49875621  991.26182212 1000.04999875 1100.04545361
  1443.1216165 ]
 [ 100.49875621    0.         1001.24921973  900.         1000.
  1379.31142241]
 [ 991.26182212 1001.24921973    0.         1379.31142241 1450.
  1000.        ]
 [1000.04999875  900.         1379.31142241    0.          100.
  1001.24921973]
 [1100.04545361 1000.         1450.          100.            0.
  1001.24921973]
 [1443.1216165  1379.31142241 1000.         1001.24921973 1001.24921973
     0.        ]]
locs:  [[   0.    0.]
 [ 100.   10.]
 [  50. 1000.]
 [1000.    0.]
 [1100.    0.]
 [1050. 1000.]]
distances:  [[   0.          100.49875621 1001.24921973 1000.         1100.
  1450.        ]
 [ 100.49875621    0.          991.26182212  900.05555384 1000.04999875
  1372.07871494]
 [1001.24921973  991.26182212    0.         1379.31142241 1450.
  1000.        ]
 [1000.          900.05555384 1379.31142241    0.          100.
  1001.24921973]
 [1100.         1000.04999875 1450.          100.            0.
  1001.24921973]
 [1450.         1372.07871494 1000.         1001.24921973 1001.24921973
     0.        ]]
locs:  [[   0.    0.]
 [ 100.    0.]
 [  50.  990.]
 [1000.    0.]
 [1100.    0.]
 [1050. 1000.]]
distances:  [[   0.          100.          991.26182212 1000.         1100.
  1450.        ]
 [ 100.            0.          991.26182212  900.         1000.
  1379.31142241]
 [ 991.26182212  991.26182212    0.         1372.07871494 1443.1216165
  1000.04999875]
 [1000.          900.         1372.07871494    0.          100.
  1001.24921973]
 [1100.         1000.         1443.1216165   100.            0.
  1001.24921973]
 [1450.         1379.31142241 1000.04999875 1001.24921973 1001.24921973
     0.        ]]
locs:  [[   0.    0.]
 [ 100.    0.]
 [  50. 1000.]
 [1000.   10.]
 [1100.    0.]
 [1050. 1000.]]
distances:  [[   0.          100.         1001.24921973 1000.04999875 1100.
  1450.        ]
 [ 100.            0.         1001.24921973  900.05555384 1000.
  1379.31142241]
 [1001.24921973 1001.24921973    0.         1372.07871494 1450.
  1000.        ]
 [1000.04999875  900.05555384 1372.07871494    0.          100.49875621
   991.26182212]
 [1100.         1000.         1450.          100.49875621    0.
  1001.24921973]
 [1450.         1379.31142241 1000.          991.26182212 1001.24921973
     0.        ]]
locs:  [[   0.    0.]
 [ 100.    0.]
 [  50. 1000.]
 [1000.    0.]
 [1100.   10.]
 [1050. 1000.]]
distances:  [[   0.          100.         1001.24921973 1000.         1100.04545361
  1450.        ]
 [ 100.            0.         1001.24921973  900.         1000.04999875
  1379.31142241]
 [1001.24921973 1001.24921973    0.         1379.31142241 1443.1216165
  1000.        ]
 [1000.          900.         1379.31142241    0.          100.49875621
  1001.24921973]
 [1100.04545361 1000.04999875 1443.1216165   100.49875621    0.
   991.26182212]
 [1450.         1379.31142241 1000.         1001.24921973  991.26182212
     0.        ]]
locs:  [[   0.    0.]
 [ 100.    0.]
 [  50. 1000.]
 [1000.    0.]
 [1100.    0.]
 [1050.  990.]]
distances:  [[   0.          100.         1001.24921973 1000.         1100.
  1443.1216165 ]
 [ 100.            0.         1001.24921973  900.         1000.
  1372.07871494]
 [1001.24921973 1001.24921973    0.         1379.31142241 1450.
  1000.04999875]
 [1000.          900.         1379.31142241    0.          100.
   991.26182212]
 [1100.         1000.         1450.          100.            0.
   991.26182212]
 [1443.1216165  1372.07871494 1000.04999875  991.26182212  991.26182212
     0.        ]]
locs:  [[1.84128268e-08 1.00000000e+03]
 [1.00000000e+03 1.00000000e+03]
 [5.59369912e-09 1.00000000e+03]
 [1.00000000e+03 1.00000000e+03]
 [2.00000000e+03 1.00000000e+03]
 [1.09689421e+03 1.00000000e+03]]
distances:  [[0.00000000e+00 1.00000000e+03 1.28651375e-08 1.00000000e+03
  2.00000000e+03 1.09689421e+03]
 [1.00000000e+03 0.00000000e+00 1.00000000e+03 3.52847564e-08
  1.00000000e+03 9.68942134e+01]
 [1.28651375e-08 1.00000000e+03 0.00000000e+00 1.00000000e+03
  2.00000000e+03 1.09689421e+03]
 [1.00000000e+03 3.52847564e-08 1.00000000e+03 0.00000000e+00
  1.00000000e+03 9.68942134e+01]
 [2.00000000e+03 1.00000000e+03 2.00000000e+03 1.00000000e+03
  0.00000000e+00 9.03105787e+02]
 [1.09689421e+03 9.68942134e+01 1.09689421e+03 9.68942134e+01
  9.03105787e+02 0.00000000e+00]]
    1    14    -1.053524E+00     4.078156E+00
locs:  [[4.50599894e-09 2.44720650e+02]
 [3.20248585e+02 2.44720650e+02]
 [3.77639675e+01 1.00000000e+03]
 [1.00000000e+03 2.44720650e+02]
 [1.32024858e+03 2.44720650e+02]
 [1.06147598e+03 1.00000000e+03]]
distances:  [[   0.          320.24858486  756.22286001 1000.         1320.24858486
  1302.75790458]
 [ 320.24858486    0.          806.37736563  679.75141514 1000.
  1058.23671813]
 [ 756.22286001  806.37736563    0.         1223.2518461  1488.35939561
  1023.71201488]
 [1000.          679.75141514 1223.2518461     0.          320.24858486
   757.77713951]
 [1320.24858486 1000.         1488.35939561  320.24858486    0.
   798.379707  ]
 [1302.75790458 1058.23671813 1023.71201488  757.77713951  798.379707
     0.        ]]
locs:  [[4.50599894e-09 2.44720650e+02]
 [3.20248585e+02 2.44720650e+02]
 [3.77639675e+01 1.00000000e+03]
 [1.00000000e+03 2.44720650e+02]
 [1.32024858e+03 2.44720650e+02]
 [1.06147598e+03 1.00000000e+03]]
distances:  [[   0.          320.24858486  756.22286001 1000.         1320.24858486
  1302.75790458]
 [ 320.24858486    0.          806.37736563  679.75141514 1000.
  1058.23671813]
 [ 756.22286001  806.37736563    0.         1223.2518461  1488.35939561
  1023.71201488]
 [1000.          679.75141514 1223.2518461     0.          320.24858486
   757.77713951]
 [1320.24858486 1000.         1488.35939561  320.24858486    0.
   798.379707  ]
 [1302.75790458 1058.23671813 1023.71201488  757.77713951  798.379707
     0.        ]]
locs:  [[  20.          244.72064985]
 [ 320.24858486  244.72064985]
 [  37.76396751 1000.        ]
 [1000.00000001  244.72064985]
 [1320.24858486  244.72064985]
 [1061.47598239 1000.        ]]
distances:  [[   0.          300.24858486  755.48822314  980.         1300.24858486
  1286.51432897]
 [ 300.24858486    0.          806.37736563  679.75141514 1000.
  1058.23671813]
 [ 755.48822314  806.37736563    0.         1223.2518461  1488.35939561
  1023.71201488]
 [ 980.          679.75141514 1223.2518461     0.          320.24858486
   757.77713951]
 [1300.24858486 1000.         1488.35939561  320.24858486    0.
   798.379707  ]
 [1286.51432897 1058.23671813 1023.71201488  757.77713951  798.379707
     0.        ]]
locs:  [[4.50599894e-09 2.44720650e+02]
 [3.40248585e+02 2.44720650e+02]
 [3.77639675e+01 1.00000000e+03]
 [1.00000000e+03 2.44720650e+02]
 [1.32024858e+03 2.44720650e+02]
 [1.06147598e+03 1.00000000e+03]]
distances:  [[   0.          340.24858486  756.22286001 1000.         1320.24858486
  1302.75790458]
 [ 340.24858486    0.          813.59931201  659.75141514  980.
  1044.32555063]
 [ 756.22286001  813.59931201    0.         1223.2518461  1488.35939561
  1023.71201488]
 [1000.          659.75141514 1223.2518461     0.          320.24858486
   757.77713951]
 [1320.24858486  980.         1488.35939561  320.24858486    0.
   798.379707  ]
 [1302.75790458 1044.32555063 1023.71201488  757.77713951  798.379707
     0.        ]]
locs:  [[4.50599894e-09 2.44720650e+02]
 [3.20248585e+02 2.44720650e+02]
 [5.77639675e+01 1.00000000e+03]
 [1.00000000e+03 2.44720650e+02]
 [1.32024858e+03 2.44720650e+02]
 [1.06147598e+03 1.00000000e+03]]
distances:  [[   0.          320.24858486  757.48503134 1000.         1320.24858486
  1302.75790458]
 [ 320.24858486    0.          799.59056467  679.75141514 1000.
  1058.23671813]
 [ 757.48503134  799.59056467    0.         1207.58255937 1471.16087014
  1003.71201488]
 [1000.          679.75141514 1207.58255937    0.          320.24858486
   757.77713951]
 [1320.24858486 1000.         1471.16087014  320.24858486    0.
   798.379707  ]
 [1302.75790458 1058.23671813 1003.71201488  757.77713951  798.379707
     0.        ]]
locs:  [[4.50599894e-09 2.44720650e+02]
 [3.20248585e+02 2.44720650e+02]
 [3.77639675e+01 1.00000000e+03]
 [1.02000000e+03 2.44720650e+02]
 [1.32024858e+03 2.44720650e+02]
 [1.06147598e+03 1.00000000e+03]]
distances:  [[   0.          320.24858486  756.22286001 1020.         1320.24858486
  1302.75790458]
 [ 320.24858486    0.          806.37736563  699.75141514 1000.
  1058.23671813]
 [ 756.22286001  806.37736563    0.         1239.04581041 1488.35939561
  1023.71201488]
 [1020.          699.75141514 1239.04581041    0.          300.24858486
   756.41731463]
 [1320.24858486 1000.         1488.35939561  300.24858486    0.
   798.379707  ]
 [1302.75790458 1058.23671813 1023.71201488  756.41731463  798.379707
     0.        ]]
locs:  [[4.50599894e-09 2.44720650e+02]
 [3.20248585e+02 2.44720650e+02]
 [3.77639675e+01 1.00000000e+03]
 [1.00000000e+03 2.44720650e+02]
 [1.34024858e+03 2.44720650e+02]
 [1.06147598e+03 1.00000000e+03]]
distances:  [[   0.          320.24858486  756.22286001 1000.         1340.24858486
  1302.75790458]
 [ 320.24858486    0.          806.37736563  679.75141514 1020.
  1058.23671813]
 [ 756.22286001  806.37736563    0.         1223.2518461  1505.62713685
  1023.71201488]
 [1000.          679.75141514 1223.2518461     0.          340.24858486
   757.77713951]
 [1340.24858486 1020.         1505.62713685  340.24858486    0.
   805.08450529]
 [1302.75790458 1058.23671813 1023.71201488  757.77713951  805.08450529
     0.        ]]
locs:  [[4.50599894e-09 2.44720650e+02]
 [3.20248585e+02 2.44720650e+02]
 [3.77639675e+01 1.00000000e+03]
 [1.00000000e+03 2.44720650e+02]
 [1.32024858e+03 2.44720650e+02]
 [1.08147598e+03 1.00000000e+03]]
distances:  [[   0.          320.24858486  756.22286001 1000.         1320.24858486
  1319.10469533]
 [ 320.24858486    0.          806.37736563  679.75141514 1000.
  1072.34045317]
 [ 756.22286001  806.37736563    0.         1223.2518461  1488.35939561
  1043.71201488]
 [1000.          679.75141514 1223.2518461     0.          320.24858486
   759.66126166]
 [1320.24858486 1000.         1488.35939561  320.24858486    0.
   792.12325585]
 [1319.10469533 1072.34045317 1043.71201488  759.66126166  792.12325585
     0.        ]]
locs:  [[4.50599894e-09 2.54720650e+02]
 [3.20248585e+02 2.44720650e+02]
 [3.77639675e+01 1.00000000e+03]
 [1.00000000e+03 2.44720650e+02]
 [1.32024858e+03 2.44720650e+02]
 [1.06147598e+03 1.00000000e+03]]
distances:  [[   0.          320.40467553  746.23550371 1000.04999875 1320.28645597
  1296.98595634]
 [ 320.40467553    0.          806.37736563  679.75141514 1000.
  1058.23671813]
 [ 746.23550371  806.37736563    0.         1223.2518461  1488.35939561
  1023.71201488]
 [1000.04999875  679.75141514 1223.2518461     0.          320.24858486
   757.77713951]
 [1320.28645597 1000.         1488.35939561  320.24858486    0.
   798.379707  ]
 [1296.98595634 1058.23671813 1023.71201488  757.77713951  798.379707
     0.        ]]
locs:  [[4.50599894e-09 2.44720650e+02]
 [3.20248585e+02 2.54720650e+02]
 [3.77639675e+01 1.00000000e+03]
 [1.00000000e+03 2.44720650e+02]
 [1.32024858e+03 2.44720650e+02]
 [1.06147598e+03 1.00000000e+03]]
distances:  [[   0.          320.40467553  756.22286001 1000.         1320.24858486
  1302.75790458]
 [ 320.40467553    0.          797.01873805  679.82496746 1000.04999875
  1051.12290651]
 [ 756.22286001  797.01873805    0.         1223.2518461  1488.35939561
  1023.71201488]
 [1000.          679.82496746 1223.2518461     0.          320.24858486
   757.77713951]
 [1320.24858486 1000.04999875 1488.35939561  320.24858486    0.
   798.379707  ]
 [1302.75790458 1051.12290651 1023.71201488  757.77713951  798.379707
     0.        ]]
locs:  [[4.50599894e-09 2.44720650e+02]
 [3.20248585e+02 2.44720650e+02]
 [3.77639675e+01 9.90000000e+02]
 [1.00000000e+03 2.44720650e+02]
 [1.32024858e+03 2.44720650e+02]
 [1.06147598e+03 1.00000000e+03]]
distances:  [[   0.          320.24858486  746.23550371 1000.         1320.24858486
  1302.75790458]
 [ 320.24858486    0.          797.01873805  679.75141514 1000.
  1058.23671813]
 [ 746.23550371  797.01873805    0.         1217.10290937 1483.30984744
  1023.76085557]
 [1000.          679.75141514 1217.10290937    0.          320.24858486
   757.77713951]
 [1320.24858486 1000.         1483.30984744  320.24858486    0.
   798.379707  ]
 [1302.75790458 1058.23671813 1023.76085557  757.77713951  798.379707
     0.        ]]
locs:  [[4.50599894e-09 2.44720650e+02]
 [3.20248585e+02 2.44720650e+02]
 [3.77639675e+01 1.00000000e+03]
 [1.00000000e+03 2.54720650e+02]
 [1.32024858e+03 2.44720650e+02]
 [1.06147598e+03 1.00000000e+03]]
distances:  [[   0.          320.24858486  756.22286001 1000.04999875 1320.24858486
  1302.75790458]
 [ 320.24858486    0.          806.37736563  679.82496746 1000.
  1058.23671813]
 [ 756.22286001  806.37736563    0.         1217.10290937 1488.35939561
  1023.71201488]
 [1000.04999875  679.82496746 1217.10290937    0.          320.40467553
   747.81054163]
 [1320.24858486 1000.         1488.35939561  320.40467553    0.
   798.379707  ]
 [1302.75790458 1058.23671813 1023.71201488  747.81054163  798.379707
     0.        ]]
locs:  [[4.50599894e-09 2.44720650e+02]
 [3.20248585e+02 2.44720650e+02]
 [3.77639675e+01 1.00000000e+03]
 [1.00000000e+03 2.44720650e+02]
 [1.32024858e+03 2.54720650e+02]
 [1.06147598e+03 1.00000000e+03]]
distances:  [[   0.          320.24858486  756.22286001 1000.         1320.28645597
  1302.75790458]
 [ 320.24858486    0.          806.37736563  679.75141514 1000.04999875
  1058.23671813]
 [ 756.22286001  806.37736563    0.         1223.2518461  1483.30984744
  1023.71201488]
 [1000.          679.75141514 1223.2518461     0.          320.40467553
   757.77713951]
 [1320.28645597 1000.04999875 1483.30984744  320.40467553    0.
   788.926213  ]
 [1302.75790458 1058.23671813 1023.71201488  757.77713951  788.926213
     0.        ]]
locs:  [[4.50599894e-09 2.44720650e+02]
 [3.20248585e+02 2.44720650e+02]
 [3.77639675e+01 1.00000000e+03]
 [1.00000000e+03 2.44720650e+02]
 [1.32024858e+03 2.44720650e+02]
 [1.06147598e+03 9.90000000e+02]]
distances:  [[   0.          320.24858486  756.22286001 1000.         1320.24858486
  1296.98595634]
 [ 320.24858486    0.          806.37736563  679.75141514 1000.
  1051.12290651]
 [ 756.22286001  806.37736563    0.         1223.2518461  1488.35939561
  1023.76085557]
 [1000.          679.75141514 1223.2518461     0.          320.24858486
   747.81054163]
 [1320.24858486 1000.         1488.35939561  320.24858486    0.
   788.926213  ]
 [1296.98595634 1051.12290651 1023.76085557  747.81054163  788.926213
     0.        ]]
locs:  [[   0.          238.31626515]
 [ 554.87351981  247.22330199]
 [   0.         1000.        ]
 [1000.          240.26628063]
 [1673.114473    244.09160814]
 [1114.48494882 1000.        ]]
distances:  [[   0.          554.94500474  761.68373485 1000.00190128 1673.12444078
  1349.90326063]
 [ 554.94500474    0.          935.17772645  445.18084361 1118.24533842
   937.99664634]
 [ 761.68373485  935.17772645    0.         1255.86437339 1835.94921952
  1114.48494882]
 [1000.00190128  445.18084361 1255.86437339    0.          673.12534263
   768.3112181 ]
 [1673.12444078 1118.24533842 1835.94921952  673.12534263    0.
   939.92789201]
 [1349.90326063  937.99664634 1114.48494882  768.3112181   939.92789201
     0.        ]]
    2    28    -1.141731E+00     3.045258E-01
locs:  [[   0.          238.31626515]
 [ 554.87351981  247.22330199]
 [   0.         1000.        ]
 [1000.          240.26628063]
 [1673.114473    244.09160814]
 [1114.48494882 1000.        ]]
distances:  [[   0.          554.94500474  761.68373485 1000.00190128 1673.12444078
  1349.90326063]
 [ 554.94500474    0.          935.17772645  445.18084361 1118.24533842
   937.99664634]
 [ 761.68373485  935.17772645    0.         1255.86437339 1835.94921952
  1114.48494882]
 [1000.00190128  445.18084361 1255.86437339    0.          673.12534263
   768.3112181 ]
 [1673.12444078 1118.24533842 1835.94921952  673.12534263    0.
   939.92789201]
 [1349.90326063  937.99664634 1114.48494882  768.3112181   939.92789201
     0.        ]]
locs:  [[  20.          238.31626515]
 [ 554.87351981  247.22330199]
 [   0.         1000.        ]
 [1000.          240.26628063]
 [1673.114473    244.09160814]
 [1114.48494882 1000.        ]]
distances:  [[   0.          534.94767734  761.94626578  980.00194008 1653.12456138
  1333.43894315]
 [ 534.94767734    0.          935.17772645  445.18084361 1118.24533842
   937.99664634]
 [ 761.94626578  935.17772645    0.         1255.86437339 1835.94921952
  1114.48494882]
 [ 980.00194008  445.18084361 1255.86437339    0.          673.12534263
   768.3112181 ]
 [1653.12456138 1118.24533842 1835.94921952  673.12534263    0.
   939.92789201]
 [1333.43894315  937.99664634 1114.48494882  768.3112181   939.92789201
     0.        ]]
locs:  [[   0.          238.31626515]
 [ 574.87351981  247.22330199]
 [   0.         1000.        ]
 [1000.          240.26628063]
 [1673.114473    244.09160814]
 [1114.48494882 1000.        ]]
distances:  [[   0.          574.94251807  761.68373485 1000.00190128 1673.12444078
  1349.90326063]
 [ 574.94251807    0.          947.18125026  425.18340079 1098.24541828
   926.20367705]
 [ 761.68373485  947.18125026    0.         1255.86437339 1835.94921952
  1114.48494882]
 [1000.00190128  425.18340079 1255.86437339    0.          673.12534263
   768.3112181 ]
 [1673.12444078 1098.24541828 1835.94921952  673.12534263    0.
   939.92789201]
 [1349.90326063  926.20367705 1114.48494882  768.3112181   939.92789201
     0.        ]]
locs:  [[   0.          238.31626515]
 [ 554.87351981  247.22330199]
 [  20.         1000.        ]
 [1000.          240.26628063]
 [1673.114473    244.09160814]
 [1114.48494882 1000.        ]]
distances:  [[   0.          554.94500474  761.94626578 1000.00190128 1673.12444078
  1349.90326063]
 [ 554.94500474    0.          923.45137352  445.18084361 1118.24533842
   937.99664634]
 [ 761.94626578  923.45137352    0.         1239.99811466 1817.7417192
  1094.48494882]
 [1000.00190128  445.18084361 1239.99811466    0.          673.12534263
   768.3112181 ]
 [1673.12444078 1118.24533842 1817.7417192   673.12534263    0.
   939.92789201]
 [1349.90326063  937.99664634 1094.48494882  768.3112181   939.92789201
     0.        ]]
locs:  [[   0.          238.31626515]
 [ 554.87351981  247.22330199]
 [   0.         1000.        ]
 [1020.          240.26628063]
 [1673.114473    244.09160814]
 [1114.48494882 1000.        ]]
distances:  [[   0.          554.94500474  761.68373485 1020.001864   1673.12444078
  1349.90326063]
 [ 554.94500474    0.          935.17772645  465.1785063  1118.24533842
   937.99664634]
 [ 761.68373485  935.17772645    0.         1271.84720951 1835.94921952
  1114.48494882]
 [1020.001864    465.1785063  1271.84720951    0.          653.12567548
   765.58652672]
 [1673.12444078 1118.24533842 1835.94921952  653.12567548    0.
   939.92789201]
 [1349.90326063  937.99664634 1114.48494882  765.58652672  939.92789201
     0.        ]]
locs:  [[   0.          238.31626515]
 [ 554.87351981  247.22330199]
 [   0.         1000.        ]
 [1000.          240.26628063]
 [1693.114473    244.09160814]
 [1114.48494882 1000.        ]]
distances:  [[   0.          554.94500474  761.68373485 1000.00190128 1693.12432304
  1349.90326063]
 [ 554.94500474    0.          935.17772645  445.18084361 1138.24526137
   937.99664634]
 [ 761.68373485  935.17772645    0.         1255.86437339 1854.19365643
  1114.48494882]
 [1000.00190128  445.18084361 1255.86437339    0.          693.12502899
   768.3112181 ]
 [1693.12432304 1138.24526137 1854.19365643  693.12502899    0.
   951.95043103]
 [1349.90326063  937.99664634 1114.48494882  768.3112181   951.95043103
     0.        ]]
locs:  [[   0.          238.31626515]
 [ 554.87351981  247.22330199]
 [   0.         1000.        ]
 [1000.          240.26628063]
 [1673.114473    244.09160814]
 [1134.48494882 1000.        ]]
distances:  [[   0.          554.94500474  761.68373485 1000.00190128 1673.12444078
  1366.46193179]
 [ 554.94500474    0.          935.17772645  445.18084361 1118.24533842
   950.06429557]
 [ 761.68373485  935.17772645    0.         1255.86437339 1835.94921952
  1134.48494882]
 [1000.00190128  445.18084361 1255.86437339    0.          673.12534263
   771.54489552]
 [1673.12444078 1118.24533842 1835.94921952  673.12534263    0.
   928.18061885]
 [1366.46193179  950.06429557 1134.48494882  771.54489552  928.18061885
     0.        ]]
locs:  [[   0.          248.31626515]
 [ 554.87351981  247.22330199]
 [   0.         1000.        ]
 [1000.          240.26628063]
 [1673.114473    244.09160814]
 [1114.48494882 1000.        ]]
distances:  [[   0.          554.87459624  751.68373485 1000.0324006  1673.11980667
  1344.28610733]
 [ 554.87459624    0.          935.17772645  445.18084361 1118.24533842
   937.99664634]
 [ 751.68373485  935.17772645    0.         1255.86437339 1835.94921952
  1114.48494882]
 [1000.0324006   445.18084361 1255.86437339    0.          673.12534263
   768.3112181 ]
 [1673.11980667 1118.24533842 1835.94921952  673.12534263    0.
   939.92789201]
 [1344.28610733  937.99664634 1114.48494882  768.3112181   939.92789201
     0.        ]]
locs:  [[   0.          238.31626515]
 [ 554.87351981  257.22330199]
 [   0.         1000.        ]
 [1000.          240.26628063]
 [1673.114473    244.09160814]
 [1114.48494882 1000.        ]]
distances:  [[   0.          555.19555026  761.68373485 1000.00190128 1673.12444078
  1349.90326063]
 [ 555.19555026    0.          927.1471545   445.44935059 1118.31805439
   929.9904164 ]
 [ 761.68373485  927.1471545     0.         1255.86437339 1835.94921952
  1114.48494882]
 [1000.00190128  445.44935059 1255.86437339    0.          673.12534263
   768.3112181 ]
 [1673.12444078 1118.31805439 1835.94921952  673.12534263    0.
   939.92789201]
 [1349.90326063  929.9904164  1114.48494882  768.3112181   939.92789201
     0.        ]]
locs:  [[   0.          238.31626515]
 [ 554.87351981  247.22330199]
 [   0.          990.        ]
 [1000.          240.26628063]
 [1673.114473    244.09160814]
 [1114.48494882 1000.        ]]
distances:  [[   0.          554.94500474  751.68373485 1000.00190128 1673.12444078
  1349.90326063]
 [ 554.94500474    0.          927.1471545   445.18084361 1118.24533842
   937.99664634]
 [ 751.68373485  927.1471545     0.         1249.84024978 1831.85462546
  1114.52981169]
 [1000.00190128  445.18084361 1249.84024978    0.          673.12534263
   768.3112181 ]
 [1673.12444078 1118.24533842 1831.85462546  673.12534263    0.
   939.92789201]
 [1349.90326063  937.99664634 1114.52981169  768.3112181   939.92789201
     0.        ]]
locs:  [[   0.          238.31626515]
 [ 554.87351981  247.22330199]
 [   0.         1000.        ]
 [1000.          250.26628063]
 [1673.114473    244.09160814]
 [1114.48494882 1000.        ]]
distances:  [[   0.          554.94500474  761.68373485 1000.07139889 1673.12444078
  1349.90326063]
 [ 554.94500474    0.          935.17772645  445.13688129 1118.24533842
   937.99664634]
 [ 761.68373485  935.17772645    0.         1249.84024978 1835.94921952
  1114.48494882]
 [1000.07139889  445.13688129 1249.84024978    0.          673.14279342
   758.42432283]
 [1673.12444078 1118.24533842 1835.94921952  673.14279342    0.
   939.92789201]
 [1349.90326063  937.99664634 1114.48494882  758.42432283  939.92789201
     0.        ]]
locs:  [[   0.          238.31626515]
 [ 554.87351981  247.22330199]
 [   0.         1000.        ]
 [1000.          240.26628063]
 [1673.114473    254.09160814]
 [1114.48494882 1000.        ]]
distances:  [[   0.          554.94500474  761.68373485 1000.00190128 1673.18884206
  1349.90326063]
 [ 554.94500474    0.          935.17772645  445.18084361 1118.26204578
   937.99664634]
 [ 761.68373485  935.17772645    0.         1255.86437339 1831.85462546
  1114.48494882]
 [1000.00190128  445.18084361 1255.86437339    0.          673.25643958
   768.3112181 ]
 [1673.18884206 1118.26204578 1831.85462546  673.25643958    0.
   931.90464873]
 [1349.90326063  937.99664634 1114.48494882  768.3112181   931.90464873
     0.        ]]
locs:  [[   0.          238.31626515]
 [ 554.87351981  247.22330199]
 [   0.         1000.        ]
 [1000.          240.26628063]
 [1673.114473    244.09160814]
 [1114.48494882  990.        ]]
distances:  [[   0.          554.94500474  761.68373485 1000.00190128 1673.12444078
  1344.28610733]
 [ 554.94500474    0.          935.17772645  445.18084361 1118.24533842
   929.9904164 ]
 [ 761.68373485  935.17772645    0.         1255.86437339 1835.94921952
  1114.52981169]
 [1000.00190128  445.18084361 1255.86437339    0.          673.12534263
   758.42432283]
 [1673.12444078 1118.24533842 1835.94921952  673.12534263    0.
   931.90464873]
 [1344.28610733  929.9904164  1114.52981169  758.42432283  931.90464873
     0.        ]]
locs:  [[   0.          235.76030696]
 [ 563.04594239  241.11079356]
 [   0.         1000.        ]
 [1153.67684655  239.76136459]
 [1975.89802386  251.20809654]
 [1188.74454479 1000.        ]]
distances:  [[   0.          563.07136399  764.23969304 1153.68378454 1975.9584092
  1413.21473994]
 [ 563.07136399    0.          944.95161828  590.6324457  1412.88816247
   983.57082546]
 [ 764.23969304  944.95161828    0.         1381.64143287 2113.02208113
  1188.74454479]
 [1153.68378454  590.6324457  1381.64143287    0.          822.30085254
   761.04699345]
 [1975.9584092  1412.88816247 2113.02208113  822.30085254    0.
  1086.41608709]
 [1413.21473994  983.57082546 1188.74454479  761.04699345 1086.41608709
     0.        ]]
    3    41    -1.152973E+00     1.332444E-01
locs:  [[   0.          235.76030696]
 [ 563.04594239  241.11079356]
 [   0.         1000.        ]
 [1153.67684655  239.76136459]
 [1975.89802386  251.20809654]
 [1188.74454479 1000.        ]]
distances:  [[   0.          563.07136399  764.23969304 1153.68378454 1975.9584092
  1413.21473994]
 [ 563.07136399    0.          944.95161828  590.6324457  1412.88816247
   983.57082546]
 [ 764.23969304  944.95161828    0.         1381.64143287 2113.02208113
  1188.74454479]
 [1153.68378454  590.6324457  1381.64143287    0.          822.30085254
   761.04699345]
 [1975.9584092  1412.88816247 2113.02208113  822.30085254    0.
  1086.41608709]
 [1413.21473994  983.57082546 1188.74454479  761.04699345 1086.41608709
     0.        ]]
locs:  [[  20.          235.76030696]
 [ 563.04594239  241.11079356]
 [   0.         1000.        ]
 [1153.67684655  239.76136459]
 [1975.89802386  251.20809654]
 [1188.74454479 1000.        ]]
distances:  [[   0.          543.0723002   764.50134625 1133.68390694 1955.95902665
  1396.43335659]
 [ 543.0723002     0.          944.95161828  590.6324457  1412.88816247
   983.57082546]
 [ 764.50134625  944.95161828    0.         1381.64143287 2113.02208113
  1188.74454479]
 [1133.68390694  590.6324457  1381.64143287    0.          822.30085254
   761.04699345]
 [1955.95902665 1412.88816247 2113.02208113  822.30085254    0.
  1086.41608709]
 [1396.43335659  983.57082546 1188.74454479  761.04699345 1086.41608709
     0.        ]]
locs:  [[   0.          235.76030696]
 [ 583.04594239  241.11079356]
 [   0.         1000.        ]
 [1153.67684655  239.76136459]
 [1975.89802386  251.20809654]
 [1188.74454479 1000.        ]]
distances:  [[   0.          583.070492    764.23969304 1153.68378454 1975.9584092
  1413.21473994]
 [ 583.070492      0.          957.00334304  570.63249972 1392.88868054
   970.97045506]
 [ 764.23969304  957.00334304    0.         1381.64143287 2113.02208113
  1188.74454479]
 [1153.68378454  570.63249972 1381.64143287    0.          822.30085254
   761.04699345]
 [1975.9584092  1392.88868054 2113.02208113  822.30085254    0.
  1086.41608709]
 [1413.21473994  970.97045506 1188.74454479  761.04699345 1086.41608709
     0.        ]]
locs:  [[   0.          235.76030696]
 [ 563.04594239  241.11079356]
 [  20.         1000.        ]
 [1153.67684655  239.76136459]
 [1975.89802386  251.20809654]
 [1188.74454479 1000.        ]]
distances:  [[   0.          563.07136399  764.50134625 1153.68378454 1975.9584092
  1413.21473994]
 [ 563.07136399    0.          933.17293317  590.6324457  1412.88816247
   983.57082546]
 [ 764.50134625  933.17293317    0.         1364.98570512 2094.33196853
  1168.74454479]
 [1153.68378454  590.6324457  1364.98570512    0.          822.30085254
   761.04699345]
 [1975.9584092  1412.88816247 2094.33196853  822.30085254    0.
  1086.41608709]
 [1413.21473994  983.57082546 1168.74454479  761.04699345 1086.41608709
     0.        ]]
locs:  [[   0.          235.76030696]
 [ 563.04594239  241.11079356]
 [   0.         1000.        ]
 [1173.67684655  239.76136459]
 [1975.89802386  251.20809654]
 [1188.74454479 1000.        ]]
distances:  [[   0.          563.07136399  764.23969304 1173.68366632 1975.9584092
  1413.21473994]
 [ 563.07136399    0.          944.95161828  610.63239521 1412.88816247
   983.57082546]
 [ 764.23969304  944.95161828    0.         1398.38482647 2113.02208113
  1188.74454479]
 [1173.68366632  610.63239521 1398.38482647    0.          802.3028387
   760.38793935]
 [1975.9584092  1412.88816247 2113.02208113  802.3028387     0.
  1086.41608709]
 [1413.21473994  983.57082546 1188.74454479  760.38793935 1086.41608709
     0.        ]]
locs:  [[   0.          235.76030696]
 [ 563.04594239  241.11079356]
 [   0.         1000.        ]
 [1153.67684655  239.76136459]
 [1995.89802386  251.20809654]
 [1188.74454479 1000.        ]]
distances:  [[   0.          563.07136399  764.23969304 1153.68378454 1995.95780412
  1413.21473994]
 [ 563.07136399    0.          944.95161828  590.6324457  1432.88765885
   983.57082546]
 [ 764.23969304  944.95161828    0.         1381.64143287 2131.73596778
  1188.74454479]
 [1153.68378454  590.6324457  1381.64143287    0.          842.29896069
   761.04699345]
 [1995.95780412 1432.88765885 2131.73596778  842.29896069    0.
  1100.99321227]
 [1413.21473994  983.57082546 1188.74454479  761.04699345 1100.99321227
     0.        ]]
locs:  [[   0.          235.76030696]
 [ 563.04594239  241.11079356]
 [   0.         1000.        ]
 [1153.67684655  239.76136459]
 [1975.89802386  251.20809654]
 [1208.74454479 1000.        ]]
distances:  [[   0.          563.07136399  764.23969304 1153.68378454 1975.9584092
  1430.07890795]
 [ 563.07136399    0.          944.95161828  590.6324457  1412.88816247
   996.41332428]
 [ 764.23969304  944.95161828    0.         1381.64143287 2113.02208113
  1208.74454479]
 [1153.68378454  590.6324457  1381.64143287    0.          822.30085254
   762.23043377]
 [1975.9584092  1412.88816247 2113.02208113  822.30085254    0.
  1072.01388756]
 [1430.07890795  996.41332428 1208.74454479  762.23043377 1072.01388756
     0.        ]]
locs:  [[   0.          245.76030696]
 [ 563.04594239  241.11079356]
 [   0.         1000.        ]
 [1153.67684655  239.76136459]
 [1975.89802386  251.20809654]
 [1188.74454479 1000.        ]]
distances:  [[   0.          563.0651394   754.23969304 1153.69244323 1975.90553395
  1407.83205935]
 [ 563.0651394     0.          944.95161828  590.6324457  1412.88816247
   983.57082546]
 [ 754.23969304  944.95161828    0.         1381.64143287 2113.02208113
  1188.74454479]
 [1153.69244323  590.6324457  1381.64143287    0.          822.30085254
   761.04699345]
 [1975.90553395 1412.88816247 2113.02208113  822.30085254    0.
  1086.41608709]
 [1407.83205935  983.57082546 1188.74454479  761.04699345 1086.41608709
     0.        ]]
locs:  [[   0.          235.76030696]
 [ 563.04594239  251.11079356]
 [   0.         1000.        ]
 [1153.67684655  239.76136459]
 [1975.89802386  251.20809654]
 [1188.74454479 1000.        ]]
distances:  [[   0.          563.25515593  764.23969304 1153.68378454 1975.9584092
  1413.21473994]
 [ 563.25515593    0.          936.9395801   590.73993812 1412.85208482
   975.87590634]
 [ 764.23969304  936.9395801     0.         1381.64143287 2113.02208113
  1188.74454479]
 [1153.68378454  590.73993812 1381.64143287    0.          822.30085254
   761.04699345]
 [1975.9584092  1412.85208482 2113.02208113  822.30085254    0.
  1086.41608709]
 [1413.21473994  975.87590634 1188.74454479  761.04699345 1086.41608709
     0.        ]]
locs:  [[   0.          235.76030696]
 [ 563.04594239  241.11079356]
 [   0.          990.        ]
 [1153.67684655  239.76136459]
 [1975.89802386  251.20809654]
 [1188.74454479 1000.        ]]
distances:  [[   0.          563.07136399  754.23969304 1153.68378454 1975.9584092
  1413.21473994]
 [ 563.07136399    0.          936.9395801   590.6324457  1412.88816247
   983.57082546]
 [ 754.23969304  936.9395801     0.         1376.16433478 2109.49910578
  1188.78660523]
 [1153.68378454  590.6324457  1376.16433478    0.          822.30085254
   761.04699345]
 [1975.9584092  1412.88816247 2109.49910578  822.30085254    0.
  1086.41608709]
 [1413.21473994  983.57082546 1188.78660523  761.04699345 1086.41608709
     0.        ]]
locs:  [[   0.          235.76030696]
 [ 563.04594239  241.11079356]
 [   0.         1000.        ]
 [1153.67684655  249.76136459]
 [1975.89802386  251.20809654]
 [1188.74454479 1000.        ]]
distances:  [[   0.          563.07136399  764.23969304 1153.76180205 1975.9584092
  1413.21473994]
 [ 563.07136399    0.          944.95161828  590.69425029 1412.88816247
   983.57082546]
 [ 764.23969304  944.95161828    0.         1376.16433478 2113.02208113
  1188.74454479]
 [1153.76180205  590.69425029 1376.16433478    0.          822.2224501
   751.05775645]
 [1975.9584092  1412.88816247 2113.02208113  822.2224501     0.
  1086.41608709]
 [1413.21473994  983.57082546 1188.74454479  751.05775645 1086.41608709
     0.        ]]
locs:  [[   0.          235.76030696]
 [ 563.04594239  241.11079356]
 [   0.         1000.        ]
 [1153.67684655  239.76136459]
 [1975.89802386  261.20809654]
 [1188.74454479 1000.        ]]
distances:  [[   0.          563.07136399  764.23969304 1153.68378454 1976.06188938
  1413.21473994]
